Wavelength Extinction
254.0 62089.321997541265
254.5 61796.700891063396
255.0 61505.53550753711
255.5 61216.85819258478
256.0 60931.70129182882
256.5 60651.09715089159
257.0 60376.07811539552
257.5 60107.67653096296
258.0 59846.924743216325
258.5 59594.855097778
259.0 59352.49994027037
259.5 59120.891616315836
260.0 58901.0672972825
260.5 58694.083742855815
261.0 58501.00268218542
261.5 58322.88584442151
262.0 58160.79495871432
262.5 58015.79175421407
263.0 57888.93796007096
263.5 57781.29530543521
264.0 57693.92551945704
264.5 57627.89033128666
265.0 57584.25147007429
265.5 57563.9936991778
266.0 57566.75968853767
266.5 57591.05197093231
267.0 57635.33684164657
267.5 57698.08059596521
268.0 57777.749529173096
268.5 57872.809936555015
269.0 57981.72811339581
269.5 58102.970354980294
270.0 58235.00295659328
270.5 58376.292213519584
271.0 58525.30442104403
271.5 58680.50587445143
272.0 58840.36286902661
272.5 59003.341700054385
273.0 59167.90866281956
273.5 59332.53005260697
274.0 59495.672164701435
274.5 59655.80363107072
275.0 59811.78955530683
275.5 59963.33537774044
276.0 60110.25368638868
276.5 60252.35706926869
277.0 60389.458114397574
277.5 60521.36940979245
278.0 60647.903543470464
278.5 60768.87310344873
279.0 60884.090677744374
279.5 60993.36885437454
280.0 61096.52022135632
280.5 61193.357366706856
281.0 61283.69287844327
281.5 61367.339344582695
282.0 61444.109353142245
282.5 61513.81549213905
283.0 61576.270349590246
283.5 61631.28651351293
284.0 61678.676571924254
284.5 61718.253112841325
285.0 61749.82872428129
285.5 61773.21599426125
286.0 61788.227510798344
286.5 61794.67586190969
287.0 61792.37363561241
287.5 61781.133419923644
288.0 61760.76780286051
288.5 61731.089372440125
289.0 61691.91071667963
289.5 61643.05180461748
290.0 61584.58271523615
290.5 61516.87859773658
291.0 61440.333110538835
291.5 61355.33991206304
292.0 61262.29266072932
292.5 61161.585014957775
293.0 61053.6106331685
293.5 60938.763173781634
294.0 60817.436295217274
294.5 60690.02365589553
295.0 60556.91891423652
295.5 60418.51572866034
296.0 60275.207757587115
296.5 60127.388659436954
297.0 59975.45209262996
297.5 59819.79171558624
298.0 59660.80118672592
298.5 59498.8741644691
299.0 59334.40430723589
299.5 59167.78527344641
300.0 58999.41072152077
300.5 58829.674309879054
301.0 58658.969696941414
301.5 58487.69054112794
302.0 58316.23050085873
302.5 58144.98323455391
303.0 57974.3424006336
303.5 57804.701657517886
304.0 57636.4546636269
304.5 57469.99507738074
305.0 57305.71655719952
305.5 57144.01276150335
306.0 56985.27734871235
306.5 56829.90397724662
307.0 56678.28630552627
307.5 56530.81799197142
308.0 56387.77824973796
308.5 56248.705429172245
309.0 56112.84286411578
309.5 55979.43312896936
310.0 55847.7187981338
310.5 55716.94244600991
311.0 55586.3466469985
311.5 55455.17397550037
312.0 55322.66700591633
312.5 55188.0683126472
313.0 55050.620470093774
313.5 54909.566052656875
314.0 54764.147634737295
314.5 54613.607790735856
315.0 54457.189095053356
315.5 54294.13412209061
316.0 54123.685446248426
316.5 53945.0856419276
317.0 53757.57728352897
317.5 53560.402945453316
318.0 53352.80520210147
318.5 53134.02662787421
319.0 52903.30979717238
319.5 52660.11076365217
320.0 52404.785890646366
320.5 52137.92884031794
321.0 51860.13327606414
321.5 51571.99286128222
322.0 51274.101259369454
322.5 50967.052133723075
323.0 50651.439147740355
323.5 50327.85596481856
324.0 49996.896248354926
324.5 49659.15366174673
325.0 49315.2218683912
325.5 48965.69453168563
326.0 48611.16531502726
326.5 48252.22788181335
327.0 47889.475895441145
327.5 47523.503019307915
328.0 47154.90291681092
328.5 46784.26925134741
329.0 46412.19568631464
329.5 46039.27490721087
330.0 45666.07053990433
330.5 45293.11295254966
331.0 44920.93069099052
331.5 44550.05230107058
332.0 44181.00632863349
332.5 43814.32131952293
333.0 43450.52581958255
333.5 43090.14837465601
334.0 42733.717530587
334.5 42381.76183321915
335.0 42034.80982839613
335.5 41693.3900619616
336.0 41358.03107975924
336.5 41029.2614276327
337.0 40707.60965142565
337.5 40393.58958005441
338.0 40087.347234332345
338.5 39788.64376152392
339.0 39497.2221766762
339.5 39212.82549483623
340.0 38935.19673105107
340.5 38664.07890036778
341.0 38399.215017833405
341.5 38140.34809849501
342.0 37887.22115739963
342.5 37639.57720959435
343.0 37397.15927012619
343.5 37159.71035404223
344.0 36926.9734763895
344.5 36698.69165221508
345.0 36474.607896566005
345.5 36254.46522448934
346.0 36038.006651032134
346.5 35824.97519124145
347.0 35615.11386016433
347.5 35408.165672847834
348.0 35203.96945180921
348.5 35002.83579564747
349.0 34805.22027165318
349.5 34611.578486301165
350.0 34422.36604606616
350.5 34238.03855742298
351.0 34059.05162684637
351.5 33885.860860811146
352.0 33718.921865792065
352.5 33558.690248263905
353.0 33405.621614701464
353.5 33260.162255169234
354.0 33122.54827480714
354.5 32992.80784261635
355.0 32870.96026096126
355.5 32757.024832206305
356.0 32651.020858715878
356.5 32552.967642854397
357.0 32462.884486986262
357.5 32380.79069347589
358.0 32306.705564687687
358.5 32240.64840298607
359.0 32182.638510735436
359.5 32132.695190300205
360.0 32090.837744044777
360.5 32057.085474333573
361.0 32031.457683530993
361.5 32013.973674001445
362.0 32004.652748109347
362.5 32003.51420821911
363.0 32010.57735669513
363.5 32025.861495901823
364.0 32049.38592820361
364.5 32081.169955964884
365.0 32121.232881550062
365.5 32169.59400732355
366.0 32226.27263564977
366.5 32291.288068893115
367.0 32364.659609417995
367.5 32446.406559588835
368.0 32536.548221770034
368.5 32635.103898325997
369.0 32742.09289162114
369.5 32857.48244084798
370.0 32979.699003050315
370.5 33105.40928019346
371.0 33231.18387391754
371.5 33353.59338586266
372.0 33469.20841766899
372.5 33574.59957097663
373.0 33666.33744742571
373.5 33740.99264865636
374.0 33795.13577630873
374.5 33825.33743202291
375.0 33828.168217439066
375.5 33801.23747557192
376.0 33746.4747840574
376.5 33666.932726742176
377.0 33565.663889846706
377.5 33445.72085959145
378.0 33310.15622219687
378.5 33162.02256388343
379.0 33004.37247087161
379.5 32840.258529381856
380.0 32672.73332563464
380.5 32504.849445850417
381.0 32339.659476249657
381.5 32180.216003052825
382.0 32029.571612480384
382.5 31890.77889075279
383.0 31766.890424090514
383.5 31660.32236623003
384.0 31570.78843010336
384.5 31497.285158753675
385.0 31438.809089890317
385.5 31394.356761222625
386.0 31362.92471045995
386.5 31343.509475311625
387.0 31335.107593487
387.5 31336.715602695414
388.0 31347.33004064621
388.5 31365.947445048732
389.0 31391.56435361232
389.5 31423.177304046316
390.0 31459.782834060068
390.5 31500.37748136292
391.0 31543.957783664202
391.5 31589.52027867327
392.0 31636.06150409946
392.5 31682.57799765211
393.0 31728.066297040576
393.5 31771.52362073668
394.0 31811.979123709196
394.5 31848.50692386309
395.0 31880.18452110528
395.5 31906.0894153427
396.0 31925.299106482267
396.5 31936.891094430906
397.0 31939.942879095543
397.5 31933.53196038311
398.0 31916.735838200526
398.5 31888.632012454716
399.0 31848.297983052602
399.5 31794.811249901115
400.0 31727.24931290718
400.5 31644.68967197772
401.0 31546.209827019662
401.5 31430.887277939924
402.0 31297.79952464544
402.5 31146.02406704313
403.0 30974.638405039925
403.5 30782.72003854274
404.0 30569.3464674585
404.5 30333.595191694145
405.0 30074.631375255478
405.5 29793.770094610114
406.0 29494.55331209325
406.5 29180.626054792094
407.0 28855.633349793858
407.5 28523.220224185756
408.0 28187.031705055
408.5 27850.7128194888
409.0 27517.908594574365
409.5 27192.264057398912
410.0 26877.424235049653
410.5 26577.033822574067
411.0 26293.84327871873
411.5 26027.763457261597
412.0 25778.142862783698
412.5 25544.329999866062
413.0 25325.673373089718
413.5 25121.5214870357
414.0 24931.22284628504
414.5 24754.12595541876
415.0 24589.579319017896
415.5 24436.93144166348
416.0 24295.53082793654
416.5 24164.725982418106
417.0 24043.865409689206
417.5 23932.29761433088
418.0 23829.371100924145
418.5 23734.43437405004
419.0 23646.835938289598
419.5 23565.92429822384
420.0 23491.047958433803
420.5 23421.55542350052
421.0 23356.795198005013
421.5 23296.115786528317
422.0 23238.865693651464
422.5 23184.39342395548
423.0 23132.047482021397
423.5 23081.17637243025
424.0 23031.128599763066
424.5 22981.252668600875
425.0 22930.89708352471
425.5 22879.410349115595
426.0 22826.14096995457
426.5 22770.437450622652
427.0 22711.648295700885
427.5 22649.12200977029
428.0 22582.207097411905
428.5 22510.252063206754
429.0 22432.627635652898
429.5 22349.257707734316
430.0 22260.643736804064
430.5 22167.314286959285
431.0 22069.797922297108
431.5 21968.62320691467
432.0 21864.318704909114
432.5 21757.41298037757
433.0 21648.43459741718
433.5 21537.912120125075
434.0 21426.374112598394
434.5 21314.349138934278
435.0 21202.365763229853
435.5 21090.952549582264
436.0 20980.63806208865
436.5 20871.950864846138
437.0 20765.419521951873
437.5 20661.57259750299
438.0 20560.938655596623
438.5 20464.04626032991
439.0 20371.423975799986
439.5 20283.600366103994
440.0 20201.103995339065
440.5 20124.46342760233
441.0 20054.207226990937
441.5 19990.863957602018
442.0 19934.96218353271
442.5 19887.030464472096
443.0 19847.45097701717
443.5 19816.074077127258
444.0 19792.629382223542
444.5 19776.846509727216
445.0 19768.455077059472
445.5 19767.184701641498
446.0 19772.765000894484
446.5 19784.925592239626
447.0 19803.396093098116
447.5 19827.906120891137
448.0 19858.18529303988
448.5 19893.96322696554
449.0 19934.96954008931
449.5 19980.933849832378
450.0 20031.58577361593
450.5 20086.654928861164
451.0 20145.87093298927
451.5 20208.963403421432
452.0 20275.661957578843
452.5 20345.6962128827
453.0 20418.795786754188
453.5 20494.690296614503
454.0 20573.109359884824
454.5 20653.782593986354
455.0 20736.439616340278
455.5 20820.81004436779
456.0 20906.62349549008
456.5 20993.609587128332
457.0 21081.497936703745
457.5 21170.018161637512
458.0 21258.899879350814
458.5 21347.872707264843
459.0 21436.6662628008
459.5 21525.010163379862
460.0 21612.63402642323
460.5 21699.267469352093
461.0 21784.64010958764
461.5 21868.48156455106
462.0 21950.521451663546
462.5 22030.489388346286
463.0 22108.114992020477
463.5 22183.1278801073
464.0 22255.257670027953
464.5 22324.23397920363
465.0 22389.786425055514
465.5 22451.645144802475
466.0 22509.648571621983
466.5 22563.875834248873
467.0 22614.43848591455
467.5 22661.448079850423
468.0 22705.01616928791
468.5 22745.254307458417
469.0 22782.274047593353
469.5 22816.18694292413
470.0 22847.104546682167
470.5 22875.138412098866
471.0 22900.400092405638
471.5 22923.001140833894
472.0 22943.05311061505
472.5 22960.667554980515
473.0 22975.956027161694
473.5 22989.030080390006
474.0 23000.00126789686
474.5 23008.981142913664
475.0 23016.08125867183
475.5 23021.41316840277
476.0 23025.088425337894
476.5 23027.21858270861
477.0 23027.91519374634
477.5 23027.289811682484
478.0 23025.45398974845
478.5 23022.519281175664
479.0 23018.597239195522
479.5 23013.799417039445
480.0 23008.237367938837
480.5 23002.02264512512
481.0 22995.266801829686
481.5 22988.08139128396
482.0 22980.577966719346
482.5 22972.86808136726
483.0 22965.063288459114
483.5 22957.275141226317
484.0 22949.615192900274
484.5 22942.194996712406
485.0 22935.125645926353
485.5 22928.46976040035
486.0 22922.199452768247
486.5 22916.27692697511
487.0 22910.664386966
487.5 22905.32403668598
488.0 22900.218080080107
488.5 22895.30872109346
489.0 22890.55816367109
489.5 22885.92861175806
490.0 22881.382269299436
490.5 22876.88134024029
491.0 22872.388028525667
491.5 22867.864538100643
492.0 22863.273072910277
492.5 22858.575836899636
493.0 22853.735034013782
493.5 22848.712868197774
494.0 22843.471543396678
494.5 22837.973263555563
495.0 22832.180232619477
495.5 22826.054654533502
496.0 22819.558733242688
496.5 22812.654672692104
497.0 22805.304676826814
497.5 22797.470949591876
498.0 22789.115694932356
498.5 22780.20111679332
499.0 22770.689419119826
499.5 22760.54280585694
500.0 22749.723480949728
500.5 22738.193648343255
501.0 22725.91551198257
501.5 22712.85127581275
502.0 22698.96314377885
502.5 22684.213319825943
503.0 22668.564007899087
503.5 22651.977411943342
504.0 22634.415735903778
504.5 22615.841183725453
505.0 22596.21595935343
505.5 22575.502266732776
506.0 22553.66230980855
506.5 22530.658292525823
507.0 22506.452418829645
507.5 22481.006892665093
508.0 22454.28391797722
508.5 22426.2456987111
509.0 22396.85455818938
509.5 22366.10650365333
510.0 22334.077296986514
510.5 22300.85424255126
511.0 22266.524644709883
511.5 22231.175807824715
512.0 22194.895036258076
512.5 22157.769634372293
513.0 22119.886906529697
513.5 22081.33415709259
514.0 22042.198690423316
514.5 22002.567810884193
515.0 21962.528822837547
515.5 21922.169030645695
516.0 21881.57573867097
516.5 21840.83625127569
517.0 21800.03787282218
517.5 21759.26790767277
518.0 21718.613660189774
518.5 21678.162434735525
519.0 21638.001535672338
519.5 21598.21826736255
520.0 21558.899934168476
520.5 21520.133840452436
521.0 21482.007290576767
521.5 21444.607588903782
522.0 21408.022039795807
522.5 21372.337947615168
523.0 21337.63833126979
523.5 21303.963465193716
524.0 21271.329071943837
524.5 21239.750581589677
525.0 21209.243424200777
525.5 21179.823029846677
526.0 21151.5048285969
526.5 21124.304250520985
527.0 21098.23672568847
527.5 21073.31768416889
528.0 21049.562556031775
528.5 21026.986771346667
529.0 21005.60576018309
529.5 20985.43495261059
530.0 20966.4897786987
530.5 20948.785668516943
531.0 20932.338052134866
531.5 20917.162359621998
532.0 20903.27402104788
532.5 20890.68846648204
533.0 20879.42112599402
533.5 20869.487429653345
534.0 20860.902807529557
534.5 20853.682689692192
535.0 20847.842506210778
535.5 20843.397687154855
536.0 20840.363662593954
536.5 20838.755862597613
537.0 20838.589717235365
537.5 20839.880656576748
538.0 20842.644110691293
538.5 20846.895509648537
539.0 20852.65028351801
539.5 20859.923862369258
540.0 20868.7316762718
540.5 20879.089155295187
541.0 20891.01172950894
541.5 20904.514828982603
542.0 20919.613883785707
542.5 20936.324323987785
543.0 20954.661579658376
543.5 20974.641080867015
544.0 20996.278257683232
544.5 21019.588540176563
545.0 21044.587358416546
545.5 21071.290142472713
546.0 21099.712322414598
546.5 21129.869328311743
547.0 21161.776590233672
547.5 21195.44953824993
548.0 21230.90360243004
548.5 21268.15421284355
549.0 21307.216799559985
549.5 21348.106792648887
550.0 21390.83962217978
550.5 21435.43071822221
551.0 21481.895510845712
551.5 21530.24943011981
552.0 21580.507906114046
552.5 21632.686368897954
553.0 21686.80024854107
553.5 21742.864975112927
554.0 21800.895978683056
554.5 21860.908689321
555.0 21922.91853709629
555.5 21986.94095207846
556.0 22052.991364337046
556.5 22121.08520394158
557.0 22191.237900961598
557.5 22263.46488546664
558.0 22337.78158752623
558.5 22414.197693272923
559.0 22492.664838269284
559.5 22573.100970770207
560.0 22655.42362482189
560.5 22739.550334470525
561.0 22825.398633762317
561.5 22912.886056743468
562.0 23001.93013746016
562.5 23092.448409958608
563.0 23184.358408285
563.5 23277.577666485537
564.0 23372.02371860641
564.5 23467.61409869383
565.0 23564.266340793987
565.5 23661.897978953082
566.0 23760.426547217303
566.5 23859.769579632863
567.0 23959.84461024595
567.5 24060.569173102762
568.0 24161.860802249506
568.5 24263.637031732367
569.0 24365.81539559755
569.5 24468.313427891255
570.0 24571.048662659676
570.5 24673.938633949016
571.0 24776.900875805462
571.5 24879.852922275226
572.0 24982.712307404494
572.5 25085.39656523947
573.0 25187.82322982635
573.5 25289.90983521133
574.0 25391.57391544061
574.5 25492.744187765864
575.0 25593.51033642583
575.5 25694.082780674642
576.0 25794.674867363563
576.5 25895.499943343857
577.0 25996.771355466783
577.5 26098.702450583605
578.0 26201.50657554558
578.5 26305.397077203976
579.0 26410.58730241006
579.5 26517.29059801507
580.0 26625.720310870296
580.5 26736.089787826986
581.0 26848.6123757364
581.5 26963.501421449804
582.0 27080.970271818467
582.5 27201.232273693637
583.0 27324.500773926582
583.5 27450.98911936856
584.0 27580.910656870845
584.5 27714.478733284686
585.0 27851.90669546135
585.5 27993.407890252103
586.0 28139.1956645082
586.5 28289.4833650809
587.0 28444.484338821472
587.5 28604.41193258118
588.0 28769.47949321128
588.5 28939.900367563037
589.0 29115.887902487706
589.5 29297.655444836557
590.0 29485.41634146085
590.5 29679.38393921184
591.0 29879.7715849408
591.5 30086.79179895593
592.0 30300.494370472286
592.5 30520.57196701297
593.0 30746.66984452023
593.5 30978.43325893632
594.0 31215.507466203486
594.5 31457.537722263976
595.0 31704.16928306004
595.5 31955.047404533932
596.0 32209.8173426279
596.5 32468.124353284187
597.0 32729.61369244505
597.5 32993.930616052734
598.0 33260.72038004949
598.5 33529.62824037757
599.0 33800.29945297922
599.5 34072.379273796694
600.0 34345.51295877224
600.5 34619.3457638481
601.0 34893.522944966535
601.5 35167.689758069784
602.0 35441.49145910011
602.5 35714.57330399974
603.0 35986.580548710954
603.5 36257.15844917598
604.0 36525.95226133706
604.5 36792.60724113648
605.0 37056.76864451644
605.5 37318.08172741923
606.0 37576.19174578708
606.5 37830.748291511394
607.0 38081.637644789276
607.5 38329.10005916422
608.0 38573.404778855955
608.5 38814.821048084166
609.0 39053.618111068565
609.5 39290.065212028865
610.0 39524.43159518477
610.5 39756.98650475598
611.0 39987.9991849622
611.5 40217.73888002315
612.0 40446.474834158515
612.5 40674.47629158801
613.0 40902.012496531344
613.5 41129.35269320821
614.0 41356.76612583834
614.5 41584.522038641415
615.0 41812.88967583715
615.5 42042.138281645246
616.0 42272.53710028542
616.5 42504.35537597737
617.0 42737.8623529408
617.5 42973.32727539542
618.0 43211.019387560926
618.5 43451.20793365704
619.0 43694.162157903454
619.5 43940.15130451988
620.0 44189.44461772603
620.5 44442.311341741595
621.0 44699.02072078629
621.5 44959.84199907982
622.0 45225.044420841885
622.5 45494.89666209525
623.0 45769.54307278972
623.5 46048.84869078924
624.0 46332.64046117712
624.5 46620.745329036654
625.0 46912.99023945115
625.5 47209.20213750391
626.0 47509.207968278235
626.5 47812.83467685744
627.0 48119.909208324825
627.5 48430.25850776369
628.0 48743.70952025734
628.5 49060.08919088909
629.0 49379.22446474224
629.5 49700.94228690008
630.0 50025.06960244592
630.5 50351.43335646307
631.0 50679.86049403484
631.5 51010.177960244524
632.0 51342.21270017543
632.5 51675.79165891086
633.0 52010.74178153412
633.5 52346.89001312851
634.0 52684.06329877734
634.5 53022.08858356391
635.0 53360.79281257153
635.5 53700.00293088351
636.0 54039.54588358312
636.5 54379.25283540021
637.0 54719.01410097057
637.5 55058.76357123122
638.0 55398.43615059503
638.5 55737.96674347486
639.0 56077.29025428358
639.5 56416.341587434035
640.0 56755.055647339104
640.5 57093.36733841162
641.0 57431.21156506447
641.5 57768.52323171052
642.0 58105.2372427626
642.5 58441.28850263361
643.0 58776.61191573638
643.5 59111.142386483785
644.0 59444.81481928868
644.5 59777.56411856393
645.0 60109.3251887224
645.5 60440.03293417695
646.0 60769.62225934043
646.5 61098.02806862571
647.0 61425.18526644564
647.5 61751.028757213106
648.0 62075.49639757418
648.5 62398.565710126095
649.0 62720.24259937457
649.5 63040.53358567857
650.0 63359.44518939704
650.5 63676.98393088895
651.0 63993.156330513244
651.5 64307.96890862889
652.0 64621.428185594836
652.5 64933.54068177005
653.0 65244.31291751348
653.5 65553.75141318412
654.0 65861.86268914085
654.5 66168.6532657427
655.0 66474.1296633486
655.5 66778.29840231752
656.0 67081.16600300839
656.5 67382.73898578022
657.0 67683.0238709919
657.5 67982.02717900246
658.0 68279.75543017077
658.5 68576.21514485587
659.0 68871.41284341669
659.5 69165.35504621218
660.0 69458.0482736013
660.5 69749.499045943
661.0 70039.71388359624
661.5 70328.69930692
662.0 70616.46183627323
662.5 70903.00799201487
663.0 71188.34429450388
663.5 71472.47726409926
664.0 71755.41482167463
664.5 72037.20509363337
665.0 72317.94142869016
665.5 72597.7195837816
666.0 72876.63531584424
666.5 73154.78438181468
667.0 73432.2625386295
667.5 73709.16554322529
668.0 73985.58915253864
668.5 74261.6291235061
669.0 74537.38121306429
669.5 74812.94117814978
670.0 75088.40477569915
670.5 75363.867762649
671.0 75639.42589593587
671.5 75915.17493249639
672.0 76191.21062926711
672.5 76467.62874318463
673.0 76744.52503118556
673.5 77021.99525020644
674.0 77300.13515718386
674.5 77579.04050905441
675.0 77858.80706275468
675.5 78139.53057522126
676.0 78421.3068033907
676.5 78704.23150419962
677.0 78988.40043458458
677.5 79273.90935148216
678.0 79560.85401182898
678.5 79849.33017256157
679.0 80139.43359061657
679.5 80431.26002293052
680.0 80724.90522644001
680.5 81020.46495808163
681.0 81318.034974792
681.5 81617.71103350763
682.0 81919.58889116514
682.5 82223.76430470112
683.0 82530.33303105216
683.5 82839.39082715483
684.0 83151.0334499457
684.5 83465.35661560463
685.0 83782.39947952304
685.5 84102.03233428509
686.0 84424.0940974237
686.5 84748.42368647175
687.0 85074.86001896208
687.5 85403.24201242763
688.0 85733.40858440123
688.5 86065.1986524158
689.0 86398.45113400425
689.5 86733.0049466994
690.0 87068.6990080342
690.5 87405.37223554146
691.0 87742.86354675413
691.5 88081.01185920509
692.0 88419.65609042719
692.5 88758.63515795334
693.0 89097.78797931642
693.5 89436.95347204928
694.0 89775.97055368486
694.5 90114.67814175604
695.0 90452.91515379565
695.5 90790.52050733664
696.0 91127.33311991184
696.5 91463.19190905419
697.0 91797.93579229651
697.5 92131.40368717174
698.0 92463.43451121276
698.5 92793.8671819524
699.0 93122.54061692361
699.5 93449.29373365926
700.0 93773.96544969219
700.5 94096.39468255534
701.0 94416.42034978158
701.5 94733.88136890376
702.0 95048.61665745481
702.5 95360.4651329676
703.0 95669.265712975
703.5 95974.85731500991
704.0 96277.07885680333
704.5 96575.79517405605
705.0 96870.96871207666
705.5 97162.58489065213
706.0 97450.62912956934
706.5 97735.08684861529
707.0 98015.94346757689
707.5 98293.1844062411
708.0 98566.79508439485
708.5 98836.76092182507
709.0 99103.06733831874
709.5 99365.69975366276
710.0 99624.64358764408
710.5 99879.88426004966
711.0 100131.40719066642
711.5 100379.19779928132
712.0 100623.24150568129
712.5 100863.52372965327
713.0 101100.02989098422
713.5 101332.74540946104
714.0 101561.65570487072
714.5 101786.74619700016
715.0 102008.00230563634
715.5 102225.40945056616
716.0 102438.95305157658
716.5 102648.61852845455
717.0 102854.39130098702
717.5 103056.2567889609
718.0 103254.20041216315
718.5 103448.20759038071
719.0 103638.26374340049
719.5 103824.35429100951
720.0 104006.46465299462
720.5 104184.58024914283
721.0 104358.68649924103
721.5 104528.76882307621
722.0 104694.81264043527
722.5 104856.80337110518
723.0 105014.72643487285
723.5 105168.56725152528
724.0 105318.31124084932
724.5 105463.943822632
725.0 105605.44646428504
725.5 105742.7588087439
726.0 105875.79535186826
726.5 106004.47024568671
727.0 106128.69764222782
727.5 106248.39169352013
728.0 106363.4665515922
728.5 106473.8363684726
729.0 106579.41529618991
729.5 106680.11748677271
730.0 106775.85709224953
730.5 106866.54826464897
731.0 106952.10515599957
731.5 107032.4419183299
732.0 107107.4727036685
732.5 107177.11166404402
733.0 107241.27295148493
733.5 107299.87071801985
734.0 107352.81911567734
734.5 107400.03229648594
735.0 107441.42441247421
735.5 107476.90961567078
736.0 107506.40205810417
736.5 107529.81589180294
737.0 107547.06526879566
737.5 107558.0795468044
738.0 107563.17546110334
738.5 107563.07927075331
739.0 107558.53687404751
739.5 107550.29416927915
740.0 107539.09705474142
740.5 107525.69142872753
741.0 107510.82318953071
741.5 107495.23823544412
742.0 107479.68246476098
742.5 107464.90177577452
743.0 107451.6420667779
743.5 107440.64923606436
744.0 107432.6691819271
744.5 107428.4478026593
745.0 107428.73099655418
745.5 107434.26466190495
746.0 107445.79469700482
746.5 107464.06700014696
747.0 107489.82746962461
747.5 107523.82200373094
748.0 107566.79650075918
748.5 107619.49685900254
749.0 107682.66897675421
749.5 107757.05875230738
750.0 107843.41208395528
750.5 107942.47486999109
751.0 108054.99300870804
751.5 108181.43331991317
752.0 108321.1192718587
752.5 108473.08157259232
753.0 108636.35093001666
753.5 108809.95805203437
754.0 108992.933646548
754.5 109184.30842146024
755.0 109383.11308467369
755.5 109588.37834409092
756.0 109799.1349076146
756.5 110014.41348314733
757.0 110233.24477859172
757.5 110454.6595018504
758.0 110677.68836082598
758.5 110901.36206342108
759.0 111124.7113175383
759.5 111346.7668310803
760.0 111566.55931194966
760.5 111783.17537095034
761.0 111996.44540286575
761.5 112206.72838239404
762.0 112414.39456609733
762.5 112619.81421053769
763.0 112823.35757227721
763.5 113025.39490787797
764.0 113226.29647390208
764.5 113426.43252691162
765.0 113626.17332346867
765.5 113825.88912013534
766.0 114025.95017347368
766.5 114226.72674004581
767.0 114428.58907641382
767.5 114631.90743913977
768.0 114837.05208478578
768.5 115044.39326991391
769.0 115254.30125108628
769.5 115467.14628486495
770.0 115683.29862781201
770.5 115903.12853648956
771.0 116127.0062674597
771.5 116355.30207728449
772.0 116588.38622252604
772.5 116826.6289597464
773.0 117070.40054550773
773.5 117320.07123637205
774.0 117576.01128890149
774.5 117838.5909596581
775.0 118108.18050520401
775.5 118385.15018210131
776.0 118669.87024691203
776.5 118962.71095619831
777.0 119264.04256652223
777.5 119574.23533444587
778.0 119893.65951653132
778.5 120222.68536934066
779.0 120561.68314943598
779.5 120911.0231133794
780.0 121271.07551773297
780.5 121642.21061905881
781.0 122024.78987649342
781.5 122418.44409723408
782.0 122821.53640021781
782.5 123232.30336742771
783.0 123648.98158084694
783.5 124069.80762245861
784.0 124493.01807424586
784.5 124916.84951819184
785.0 125339.53853627967
785.5 125759.32171049244
786.0 126174.43562281333
786.5 126583.11685522547
787.0 126983.60198971194
787.5 127374.1276082559
788.0 127752.93029284052
788.5 128118.24662544887
789.0 128468.3131880641
789.5 128801.36656266937
790.0 129115.64333124775
790.5 129409.38007578242
791.0 129680.81337825651
791.5 129928.17982065314
792.0 130149.7159849554
792.5 130343.6584531465
793.0 130508.24380720952
793.5 130641.70862912771
794.0 130742.97601847055
794.5 130813.71033989749
795.0 130856.26007512819
795.5 130872.9737058823
796.0 130866.1997138795
796.5 130838.28658083938
797.0 130791.58278848171
797.5 130728.43681852608
798.0 130651.19715269216
798.5 130562.1539434248
799.0 130463.21798598144
799.5 130356.14837083971
800.0 130242.70378828289
800.5 130124.64292859417
801.0 130003.72448205682
801.5 129881.707138954
802.0 129760.34958956897
802.5 129641.41052418496
803.0 129526.47640330327
803.5 129415.30393036465
804.0 129306.54634571463
804.5 129198.8416688898
805.0 129090.82791942678
805.5 128981.14311686216
806.0 128868.4252807325
806.5 128751.31243057441
807.0 128628.44258592448
807.5 128498.4537663193
808.0 128359.98399129549
808.5 128211.6712803896
809.0 128052.15365313823
809.5 127880.069129078
810.0 127694.05572774548
810.5 127492.75146867725
811.0 127274.79437140994
811.5 127038.82245548008
812.0 126783.47374042434
812.5 126507.38624577926
813.0 126209.19799108144
813.5 125887.54699586748
814.0 125541.07127967397
814.5 125168.71427712658
815.0 124771.41850501414
815.5 124350.93057846835
816.0 123908.99930537483
816.5 123447.37349361912
817.0 122967.80195108677
817.5 122472.03348566339
818.0 121961.81690523449
818.5 121438.90101768568
819.0 120905.0346309025
819.5 120361.96655277055
820.0 119811.44559117535
820.5 119255.22055400249
821.0 118695.03818426355
821.5 118132.02317823395
822.0 117565.80860992926
822.5 116995.80860138271
823.0 116421.43727462763
823.5 115842.10875169733
824.0 115257.2371546251
824.5 114666.23660544424
825.0 114068.52122618804
825.5 113463.50513888978
826.0 112850.6024655828
826.5 112229.22732830036
827.0 111598.80230625732
827.5 110958.8123562609
828.0 110308.7703436084
828.5 109648.18926418718
829.0 108976.58211388464
829.5 108293.46188858815
830.0 107598.3415841851
830.5 106890.73419656281
831.0 106170.1527216087
831.5 105436.11015521015
832.0 104688.1194932545
832.5 103925.69373162917
833.0 103148.34586622148
833.5 102355.58889291885
834.0 101546.93580760865
834.5 100721.89960617824
835.0 99879.993284515
835.5 99020.7298385063
836.0 98143.62226403953
836.5 97248.18355700205
837.0 96333.94292380774
837.5 95401.20418705519
838.0 94451.37000227296
838.5 93485.92657400572
839.0 92506.36010679809
839.5 91514.15680519477
840.0 90510.80287374041
840.5 89497.78451697966
841.0 88476.58793945721
841.5 87448.69934571769
842.0 86415.60494030578
842.5 85378.79092776617
843.0 84339.74351264344
843.5 83299.94889948233
844.0 82260.89329282746
844.5 81224.06289722348
845.0 80190.95944329255
845.5 79163.4122579045
846.0 78143.56266618178
846.5 77133.56439739767
847.0 76135.57118082547
847.5 75151.73674573842
848.0 74184.21482140987
848.5 73235.15913711303
849.0 72306.72342212121
849.5 71401.06140570772
850.0 70520.32681714579
850.5 69666.67338570875
851.0 68842.25484066986
851.5 68049.22491130242
852.0 67289.73732687968
852.5 66565.94581667492
853.0 65879.29943663209
853.5 65222.63795486668
854.0 64583.041885169114
854.5 63947.486114810155
855.0 63302.945531060526
855.5 62636.39502119098
856.0 61934.80947247226
856.5 61185.16377217511
857.0 60374.43280757026
857.5 59489.59146592845
858.0 58517.61463452044
858.5 57445.477200616966
859.0 56260.15405148877
859.5 54948.62053823625
860.0 53504.83437224425
860.5 51947.36716323353
861.0 50300.211467363195
861.5 48587.359840792335
862.0 46832.80483968004
862.5 45060.5390201854
863.0 43294.5549384675
863.5 41558.84515068546
864.0 39877.40221299834
864.5 38274.21868156525
865.0 36773.28711254527
865.5 35395.765689482294
866.0 34142.11944341856
866.5 33003.63738310294
867.0 31971.567307942893
867.5 31037.157017345864
868.0 30191.65431071931
868.5 29426.30698747069
869.0 28732.36284700745
869.5 28101.06968873705
870.0 27523.67531206694
870.5 26991.42751640458
871.0 26495.574101157417
871.5 26027.362865732906
872.0 25578.04160953851
872.5 25138.858131981677
873.0 24701.06023246986
873.5 24257.07837926158
874.0 23805.57132168843
874.5 23347.240763454407
875.0 22882.789605182097
875.5 22412.920747494092
876.0 21938.337091012963
876.5 21459.7415363613
877.0 20977.836984161688
877.5 20493.3263350367
878.0 20006.912489608927
878.5 19519.29834850095
879.0 19031.18681233535
879.5 18543.280781734713
880.0 18056.283157321617
880.5 17570.896839718658
881.0 17087.8247295484
881.5 16607.769727433435
882.0 16131.434733996348
882.5 15659.522649859719
883.0 15192.736375646135
883.5 14731.778811978173
884.0 14277.352859478417
884.5 13830.161418769452
885.0 13390.907390473862
885.5 12960.293675214227
886.0 12539.02317361313
886.5 12127.798786293155
887.0 11727.323413876886
887.5 11338.299956986904
888.0 10961.431316245793
888.5 10597.420392276133
889.0 10246.970085286368
889.5 9910.572657332921
890.0 9587.909276738616
890.5 9278.465911591305
891.0 8981.728529978858
891.5 8697.183099989137
892.0 8424.315589710002
892.5 8162.611967229315
893.0 7911.55820063494
893.5 7670.640258014739
894.0 7439.344107456575
894.5 7217.155717048309
895.0 7003.561054877804
895.5 6798.046089032923
896.0 6600.096787601527
896.5 6409.19911867148
897.0 6224.839050330642
897.5 6046.502550666878
898.0 5873.675587768049
898.5 5705.844129722017
899.0 5542.494144616644
899.5 5383.111600539795
900.0 5227.18246557933
900.5 5074.192958786637
901.0 4923.709000963403
901.5 4775.489548439803
902.0 4629.322209119215
902.5 4484.9945909050175
903.0 4342.294301700586
903.5 4201.008949409301
904.0 4060.9261419345385
904.5 3921.833487179677
905.0 3783.518593048093
905.5 3645.769067443166
906.0 3508.372518268272
906.5 3371.1165534267893
907.0 3233.7887808220958
907.5 3096.176808357569
908.0 2958.0682439365864
908.5 2819.2506954625264
909.0 2679.5117708387656
909.5 2538.6390779686826
910.0 2396.507447195965
910.5 2253.4935555431616
911.0 2110.1532057566915
911.5 1967.0424228809175
912.0 1824.7172319602023
912.5 1683.7336580389083
913.0 1544.6477261613973
913.5 1408.0154613720326
914.0 1274.3928887151758
914.5 1144.3360332351895
915.0 1018.4009199764364
915.5 897.1435739832787
916.0 781.1200203000787
916.5 670.8862839711994
917.0 566.998390041003
917.5 470.012363553851
918.0 380.39455109203226
918.5 298.0842288403356
919.0 222.8287400206506
919.5 154.37515111179275
920.0 92.47052859257775
920.5 36.86193894182116
921.0 36.86193894182116
921.5 36.86193894182116
922.0 36.8619389418211
922.5 36.86193894182116
923.0 36.86193894182116
923.5 36.86193894182116
924.0 36.86193894182116
924.5 36.86193894182116
925.0 36.86193894182116
925.5 36.86193894182116
926.0 36.86193894182116
926.5 36.86193894182116
927.0 36.86193894182116
927.5 36.86193894182116
928.0 36.86193894182116
928.5 36.86193894182116
929.0 36.86193894182116
929.5 36.86193894182116
930.0 36.86193894182116
930.5 36.86193894182116
931.0 36.86193894182116
931.5 36.86193894182116
932.0 36.86193894182116
