Wavelength Extinction
350.0 31884.126384611023
350.5 31754.11783700043
351.0 31624.07414087352
351.5 31494.033396776962
352.0 31364.033705257443
352.5 31234.113166861644
353.0 31104.30988213625
353.5 30974.66195162793
354.0 30845.207475883384
354.5 30715.98455544928
355.0 30587.031290872303
355.5 30458.385782699133
356.0 30330.08613147646
356.5 30202.17043775095
357.0 30074.676802069298
357.5 29947.654860794108
358.0 29821.309219269788
358.5 29695.955354202066
359.0 29571.9111474154
359.5 29449.494480734247
360.0 29329.02323598305
360.5 29210.815294986278
361.0 29095.188539568368
361.5 28982.46085155378
362.0 28872.95011276697
362.5 28766.974205032384
363.0 28664.85101017448
363.5 28566.89841001771
364.0 28473.434286386528
364.5 28384.76810894686
365.0 28300.885890086312
365.5 28221.355510820704
366.0 28145.717113111732
366.5 28073.51083892108
367.0 28004.27683021045
367.5 27937.555228941535
368.0 27872.88617707603
368.5 27809.809816575624
369.0 27747.866289402013
369.5 27686.595737516895
370.0 27625.538302881956
370.5 27564.234127458898
371.0 27502.223353209407
371.5 27439.04612209518
372.0 27374.24257607791
372.5 27307.3528571193
373.0 27237.91710718103
373.5 27165.515597558417
374.0 27090.268014756053
374.5 27012.68012910457
375.0 26933.266094758732
375.5 26852.540065873312
376.0 26771.016196603076
376.5 26689.208641102792
377.0 26607.631553527233
377.5 26526.799088031163
378.0 26447.225398769362
378.5 26369.424639896588
379.0 26293.91096556761
379.5 26221.198529937206
380.0 26151.801487160137
380.5 26086.23399139118
381.0 26025.010196785097
381.5 25968.559792995125
382.0 25916.185542591258
382.5 25866.387787673695
383.0 25817.649662894462
383.5 25768.45430290559
384.0 25717.284842359102
384.5 25662.62441590703
385.0 25602.956158201418
385.5 25536.763203894276
386.0 25462.52868763765
386.5 25378.735744083555
387.0 25283.86750788403
387.5 25176.410357875044
388.0 25055.65653403085
388.5 24922.75803704099
389.0 24779.128367004443
389.5 24626.181024020196
390.0 24465.329508187227
390.5 24297.987319604537
391.0 24125.567958371095
391.5 23949.484924585893
392.0 23771.151718347908
392.5 23591.981839756136
393.0 23413.388788909553
393.5 23236.78606590714
394.0 23063.487661321316
394.5 22893.894314281035
395.0 22727.915772913995
395.5 22565.457065229202
396.0 22406.423219235665
396.5 22250.719262942373
397.0 22098.250224358344
397.5 21948.92113149258
398.0 21802.637012354084
398.5 21659.30289495186
399.0 21518.82380729491
399.5 21381.104777392233
400.0 21246.05083325284
400.5 21113.567002885735
401.0 20983.55831429992
401.5 20855.929795504402
402.0 20730.586474508178
402.5 20607.433379320257
403.0 20486.375537949643
403.5 20367.317978405335
404.0 20250.165728696345
404.5 20134.82381683167
405.0 20021.19727082032
405.5 19909.212824150512
406.0 19799.10822605848
406.5 19691.353797111682
407.0 19586.425457837453
407.5 19484.799128763127
408.0 19386.95073041605
408.5 19293.356183323565
409.0 19204.49140801302
409.5 19120.832325011736
410.0 19042.85485484707
410.5 18971.034918046367
411.0 18905.84843513696
411.5 18847.77132664619
412.0 18797.279513101406
412.5 18754.83620990033
413.0 18720.37761891556
413.5 18693.135542638895
414.0 18672.29266255026
414.5 18657.031660129567
415.0 18646.53521685674
415.5 18639.9860142117
416.0 18636.566733674357
416.5 18635.46005672464
417.0 18635.848664842466
417.5 18636.91523950775
418.0 18637.842462200417
418.5 18637.81301440038
419.0 18636.009577587563
419.5 18631.61483324188
420.0 18623.81146284326
420.5 18611.78214787161
421.0 18594.70956980686
421.5 18571.776410128918
422.0 18542.165350317715
422.5 18505.05907185316
423.0 18459.640256215174
423.5 18405.091584883685
424.0 18340.60423157065
424.5 18266.056968951503
425.0 18182.511729030044
425.5 18091.147295037852
426.0 17993.142450206524
426.5 17889.675977767656
427.0 17781.92666095282
427.5 17671.073282993628
428.0 17558.29462712166
428.5 17444.769476568512
429.0 17331.676614565764
429.5 17220.194824345017
430.0 17111.502889137853
430.5 17006.779592175877
431.0 16907.203716690663
431.5 16813.954045913815
432.0 16728.202433833365
432.5 16650.54973600665
433.0 16580.60863645714
433.5 16517.89350393246
434.0 16461.91870718023
434.5 16412.19861494807
435.0 16368.247595983601
435.5 16329.580019034447
436.0 16295.71025284823
436.5 16266.152666172566
437.0 16240.421627755077
437.5 16218.031506343386
438.0 16198.496670685114
438.5 16181.33148952788
439.0 16166.050331619308
439.5 16152.167565707017
440.0 16139.197560538625
440.5 16126.654684861758
441.0 16114.053307424036
441.5 16100.907796973079
442.0 16086.732522256505
442.5 16071.04185202194
443.0 16053.350155017
443.5 16033.171799989312
444.0 16010.021155686494
444.5 15983.412590856165
445.0 15952.860474245952
445.5 15917.913546093128
446.0 15878.559596317931
446.5 15835.089621776551
447.0 15787.800649659635
447.5 15736.989707157822
448.0 15682.953821461757
448.5 15625.990019762085
449.0 15566.395329249448
449.5 15504.46677711449
450.0 15440.501390547854
450.5 15374.796196740182
451.0 15307.648222882117
451.5 15239.354496164306
452.0 15170.212043777388
452.5 15100.517892912008
453.0 15030.569070758813
453.5 14960.662604508438
454.0 14891.095521351534
454.5 14822.16484847874
455.0 14754.1676130807
455.5 14687.400842348059
456.0 14622.161563471458
456.5 14558.746803641543
457.0 14497.453590048955
457.5 14438.578949884337
458.0 14382.419910338334
458.5 14329.273498601588
459.0 14279.378041783471
459.5 14232.723857740802
460.0 14189.23577611179
460.5 14148.8386261582
461.0 14111.457237141802
461.5 14077.01643832436
462.0 14045.441058967639
462.5 14016.65592833341
463.0 13990.585875683433
463.5 13967.15573027948
464.0 13946.290321383314
464.5 13927.914478256705
465.0 13911.953030161421
465.5 13898.330806359223
466.0 13886.97263611188
466.5 13877.803348681156
467.0 13870.747773328823
467.5 13865.730739316643
468.0 13862.677075906384
468.5 13861.511612359815
469.0 13862.1591779387
469.5 13864.544601904803
470.0 13868.592713519894
470.5 13874.228342045739
471.0 13881.376316744105
471.5 13889.961466876757
472.0 13899.908621705465
472.5 13911.14261049199
473.0 13923.589326243105
473.5 13937.1935312575
474.0 13951.916189115074
474.5 13967.718789648225
475.0 13984.562822689346
475.5 14002.409778070838
476.0 14021.221145625093
476.5 14040.958415184514
477.0 14061.583076581492
477.5 14083.056619648427
478.0 14105.340534217718
478.5 14128.396310121758
479.0 14152.185437192942
479.5 14176.669405263674
480.0 14201.809704166346
480.5 14227.567823733356
481.0 14253.905253797098
481.5 14280.783484189977
482.0 14308.164004744382
482.5 14336.008305292711
483.0 14364.277875667365
483.5 14392.934205700736
484.0 14421.938785225224
484.5 14451.253104073225
485.0 14480.838652077135
485.5 14510.656919069352
486.0 14540.669394882274
486.5 14570.837569348296
487.0 14601.122932299813
487.5 14631.486973569226
488.0 14661.89118298893
488.5 14692.297050391322
489.0 14722.666410956694
489.5 14752.966375229413
490.0 14783.168170661114
490.5 14813.24313388574
491.0 14843.162601537239
491.5 14872.897910249552
492.0 14902.420396656624
492.5 14931.701397392393
493.0 14960.712249090808
493.5 14989.42428838581
494.0 15017.808851911339
494.5 15045.83727630134
495.0 15073.480898189757
495.5 15100.711054210535
496.0 15127.499080997615
496.5 15153.81631518494
497.0 15179.634093406452
497.5 15204.923752296098
498.0 15229.656628487815
498.5 15253.804058615551
499.0 15277.337379313249
499.5 15300.22792721485
500.0 15322.447038954298
500.5 15343.966051165537
501.0 15364.75630048251
501.5 15384.789123539156
502.0 15404.035856969424
502.5 15422.467837407256
503.0 15440.05640148659
503.5 15456.772885841376
504.0 15472.588627105553
504.5 15487.474961913065
505.0 15501.412994546277
505.5 15514.513330670487
506.0 15526.978382217196
506.5 15539.012508942518
507.0 15550.820070602562
507.5 15562.605426953434
508.0 15574.572937751245
508.5 15586.9269627521
509.0 15599.871861712112
509.5 15613.61199438739
510.0 15628.351720534036
510.5 15644.295399908164
511.0 15661.647392265882
511.5 15680.6120573633
512.0 15701.393754956522
512.5 15724.19684480166
513.0 15749.225686654823
513.5 15776.68464027212
514.0 15806.778065409657
514.5 15839.710321823542
515.0 15875.68576926989
515.5 15914.908767504803
516.0 15957.58367628439
516.5 16003.914855364763
517.0 16054.106664502031
517.5 16108.363463452299
518.0 16166.889611971677
518.5 16229.889469816273
519.0 16297.566605543576
519.5 16369.992916536186
520.0 16446.962522272053
520.5 16528.234317652856
521.0 16613.567197580287
521.5 16702.720056956026
522.0 16795.45179068176
522.5 16891.52129365917
523.0 16990.68746078994
523.5 17092.709186975753
524.0 17197.345367118305
524.5 17304.35489611927
525.0 17413.496668880325
525.5 17524.529580303173
526.0 17637.21252528948
526.5 17751.304398740944
527.0 17866.564095559246
527.5 17982.750510646063
528.0 18099.622538903088
528.5 18216.939075232
529.0 18334.45901453449
529.5 18451.941251712233
530.0 18569.14468166692
530.5 18685.828199300235
531.0 18801.750699513854
531.5 18916.67107720947
532.0 19030.34822728877
532.5 19142.567461505103
533.0 19253.50100420419
533.5 19363.614706298085
534.0 19473.381732042326
534.5 19583.275245692454
535.0 19693.76841150402
535.5 19805.33439373256
536.0 19918.44635663362
536.5 20033.57746446275
537.0 20151.200881475477
537.5 20271.789771927357
538.0 20395.817300073926
538.5 20523.756630170734
539.0 20656.08092647332
539.5 20793.263353237227
540.0 20935.777074717997
540.5 21084.095255171178
541.0 21238.69105885231
541.5 21400.03765001694
542.0 21568.608192920605
542.5 21744.875851818844
543.0 21929.308931173422
543.5 22122.052609971026
544.0 22322.732194068773
544.5 22530.925968640004
545.0 22746.21221885806
545.5 22968.16922989627
546.0 23196.37528692798
546.5 23430.40867512652
547.0 23669.84767966523
547.5 23914.270585717448
548.0 24163.25567845651
548.5 24416.381243055755
549.0 24673.225564688513
549.5 24933.36692852813
550.0 25196.383619747943
550.5 25461.85392352128
551.0 25729.356125021488
551.5 25998.468509421895
552.0 26268.769361895847
552.5 26539.836967616673
553.0 26811.249611757714
553.5 27082.585603605014
554.0 27353.571245977182
554.5 27624.430932499716
555.0 27895.493733221672
555.5 28167.08871819209
556.0 28439.54495746003
556.5 28713.19152107455
557.0 28988.357479084694
557.5 29265.371901539518
558.0 29544.563858488076
558.5 29826.26241997942
559.0 30110.796656062597
559.5 30398.49563678667
560.0 30689.688432200684
560.5 30984.704112353702
561.0 31283.87174729476
561.5 31587.520407072927
562.0 31895.97916173725
562.5 32209.577081336774
563.0 32528.64323592056
563.5 32853.489663810535
564.0 33184.14812389453
564.5 33520.42081906384
565.0 33862.10319208633
565.5 34208.99068572986
566.0 34560.878742762274
566.5 34917.56280595141
567.0 35278.838318065136
567.5 35644.5007218713
568.0 36014.34546013772
568.5 36388.16797563229
569.0 36765.763711122854
569.5 37146.92810937723
570.0 37531.4566131633
570.5 37919.14466524889
571.0 38309.78770840187
571.5 38703.18118539008
572.0 39099.12053898138
572.5 39497.40121194361
573.0 39897.818647044616
573.5 40300.168287052256
574.0 40704.24557473439
574.5 41109.84595285884
575.0 41516.76486419349
575.5 41924.79775150616
576.0 42333.74005756472
576.5 42743.38722513701
577.0 43153.53469699089
577.5 43563.977915894204
578.0 43974.51232461479
578.5 44384.93336592053
579.0 44795.036482579235
579.5 45204.61711735878
580.0 45613.47071302701
580.5 46021.39271235178
581.0 46428.178558100924
581.5 46833.623693042304
582.0 47237.527821223186
582.5 47639.83633504308
583.0 48040.67307696385
583.5 48440.17278769418
584.0 48838.470207942766
584.5 49235.70007841828
585.0 49631.997139829415
585.5 50027.49613288487
586.0 50422.331798293315
586.5 50816.63887676345
587.0 51210.552109003955
587.5 51604.20623572352
588.0 51997.73599763083
588.5 52391.27613543458
589.0 52784.96138984345
589.5 53178.92650156614
590.0 53573.30621131131
590.5 53968.23525978769
591.0 54363.848387703925
591.5 54760.28033576872
592.0 55157.66584469077
592.5 55556.13965517875
593.0 55955.836507941356
593.5 56356.89114368727
594.0 56759.43830312519
594.5 57163.61272696379
595.0 57569.54915591176
595.5 57977.38233067779
596.0 58387.246991970576
596.5 58799.27788049879
597.0 59213.6094152436
597.5 59630.35870067694
598.0 60049.617089035404
598.5 60471.47383946867
599.0 60896.018211126466
599.5 61323.33946315848
600.0 61753.52685471443
600.5 62186.669644944
601.0 62622.857092996914
601.5 63062.17845802287
602.0 63504.72299917157
602.5 63950.57997559273
603.0 64399.83864643604
603.5 64852.58827085119
604.0 65308.918107987934
604.5 65768.91741699593
605.0 66232.6754570249
605.5 66700.28148722457
606.0 67171.82476674458
606.5 67647.39455473471
607.0 68127.08011034461
607.5 68610.97069272402
608.0 69099.15556102264
608.5 69591.72397439014
609.0 70088.76519197626
609.5 70590.36847293068
610.0 71096.62307640315
610.5 71607.6182615433
611.0 72123.44328750092
611.5 72644.18741342564
612.0 73169.9398984672
612.5 73700.79000177531
613.0 74236.82698249967
613.5 74778.14009978998
614.0 75324.81861279592
614.5 75876.95178066722
615.0 76434.62886255361
615.5 76997.93911760475
616.0 77566.97180497038
616.5 78141.81221197169
617.0 78722.43638214217
617.5 79308.7001410943
618.0 79900.45314147879
618.5 80497.54503594652
619.0 81099.82547714823
619.5 81707.14411773473
620.0 82319.35061035687
620.5 82936.29460766536
621.0 83557.82576231105
621.5 84183.79372694477
622.0 84814.04815421725
622.5 85448.43869677931
623.0 86086.81500728177
623.5 86729.02673837541
624.0 87374.92354271104
624.5 88024.35507293943
625.0 88677.17098171145
625.5 89333.22092167781
626.0 89992.35454548936
626.5 90654.42150579688
627.0 91319.27145525116
627.5 91986.75404650303
628.0 92656.71893220326
628.5 93329.01576500267
629.0 94003.49419755205
629.5 94680.00388250218
630.0 95358.39447250387
630.5 96038.51398195862
631.0 96719.9580315486
631.5 97401.7998265825
632.0 98083.04779325787
632.5 98762.71035777223
633.0 99439.79594632312
633.5 100113.31298510809
634.0 100782.26990032467
634.5 101445.67511817039
635.0 102102.5370648428
635.5 102751.86416653942
636.0 103392.66484945781
636.5 104023.9475397955
637.0 104644.72066374999
637.5 105253.99264751888
638.0 105850.77191729967
638.5 106434.06689928992
639.0 107002.88601968714
639.5 107556.23770468886
640.0 108093.13038049266
640.5 108612.57247329604
641.0 109113.57242662324
641.5 109595.3351473598
642.0 110057.74913087404
642.5 110500.85145591319
643.0 110924.6792012245
643.5 111329.26944555521
644.0 111714.65926765262
644.5 112080.8857462639
645.0 112427.98596013634
645.5 112756.00040703146
646.0 113065.67521934414
646.5 113359.32156918201
647.0 113639.46095117624
647.5 113908.61485995793
648.0 114169.30479015823
648.5 114424.05223640824
649.0 114675.37869333912
649.5 114925.80565558198
650.0 115177.81557463961
650.5 115431.74081798668
651.0 115684.68733753044
651.5 115933.49559733397
652.0 116175.00606146034
652.5 116406.05919397267
653.0 116623.49545893403
653.5 116824.15532040752
654.0 117004.87924245621
654.5 117162.62869982193
655.0 117297.3578943647
655.5 117412.13497806582
656.0 117510.17337016959
656.5 117594.68648992025
657.0 117668.88775656206
657.5 117735.99058933927
658.0 117799.20840749617
658.5 117861.754630277
659.0 117926.70003507324
659.5 117995.07833459509
660.0 118066.40341567692
660.5 118140.15276139101
661.0 118215.80385480978
661.5 118292.83417900553
662.0 118370.72121705062
662.5 118448.94245201742
663.0 118526.97536697828
663.5 118604.29744500555
664.0 118680.38616917157
664.5 118754.86779514414
665.0 118828.0340682341
665.5 118900.36273942569
666.0 118972.33156831289
666.5 119044.41831448986
667.0 119117.10073755062
667.5 119190.85659708927
668.0 119266.16365269986
668.5 119343.49966397646
669.0 119423.34239051318
669.5 119506.17024210078
670.0 119592.50679345815
670.5 119682.94941283284
671.0 119778.10228063937
671.5 119878.5695772923
672.0 119984.95548320618
672.5 120097.8641787955
673.0 120217.8998444748
673.5 120345.66666065864
674.0 120481.76880776153
674.5 120626.81046619802
675.0 120781.38946945687
675.5 120946.03038859963
676.0 121121.21077463104
676.5 121307.40740586775
677.0 121505.09706062645
677.5 121714.7565172238
678.0 121936.86255397646
678.5 122171.89194920108
679.0 122420.32148121434
679.5 122682.6279283329
680.0 122959.28806887343
680.5 123250.77868115259
681.0 123557.56523889603
681.5 123878.91343445239
682.0 124211.84414249915
682.5 124553.13184620232
683.0 124899.55102872793
683.5 125247.87617324201
684.0 125594.88176291059
684.5 125937.34795444168
685.0 126273.5610874473
685.5 126605.33084366811
686.0 126934.96994099562
686.5 127264.79109732145
687.0 127597.10703053711
687.5 127934.2304585342
688.0 128278.47409920431
688.5 128632.15067043898
689.0 128997.57289012978
689.5 129377.0534761683
690.0 129772.90514644606
690.5 130187.4406188547
691.0 130622.52795044628
691.5 131076.6897826313
692.0 131546.9258916488
692.5 132030.2283535411
693.0 132523.58924435035
693.5 133024.00064011876
694.0 133528.45461688846
694.5 134033.94325070176
695.0 134537.45861760085
695.5 135035.9927936279
696.0 135526.53785482515
696.5 136006.08587723476
697.0 136471.6891362708
697.5 136922.46265549702
698.0 137360.05071937625
698.5 137786.2523318357
699.0 138202.8664968027
699.5 138611.69221820452
700.0 139014.5284999684
700.5 139413.17434602164
701.0 139809.42876029143
701.5 140205.09074670513
702.0 140601.95930918993
702.5 141001.48784005124
703.0 141402.65162861926
703.5 141803.34439676875
704.0 142201.455358616
704.5 142594.8737282772
705.0 142981.4887198686
705.5 143359.18954750642
706.0 143725.86542530698
706.5 144079.40556738645
707.0 144417.69918786112
707.5 144738.63754486406
708.0 145040.5873651391
708.5 145322.99768877096
709.0 145585.46738785165
709.5 145827.5953344731
710.0 146048.98040072725
710.5 146249.2214587061
711.0 146427.91738050157
711.5 146584.6670382057
712.0 146719.0804801275
712.5 146831.4440276911
713.0 146923.09551640216
713.5 146995.46362030067
714.0 147049.97701342666
714.5 147088.0643698199
715.0 147111.1543635205
715.5 147120.67566856826
716.0 147118.0569590032
716.5 147104.72690886524
717.0 147082.11419219428
717.5 147051.45107455907
718.0 147011.78566474604
718.5 146960.80260684533
719.0 146896.16578694573
719.5 146815.53909113572
720.0 146716.58640550406
720.5 146596.9716161394
721.0 146454.35860913032
721.5 146286.41127056553
722.0 146090.79348653366
722.5 145865.16914374204
723.0 145607.93075649187
723.5 145320.3029575708
724.0 145004.19839047702
724.5 144661.5296987086
725.0 144294.20952576364
725.5 143904.15051514024
726.0 143493.26531033652
726.5 143063.46655485063
727.0 142616.66663144095
727.5 142154.39097178678
728.0 141677.00168560215
728.5 141184.64316242296
729.0 140677.4597917851
729.5 140155.59596322445
730.0 139619.19606627696
730.5 139068.40449047842
731.0 138503.36562536485
731.5 137924.22386047212
732.0 137331.12358533608
732.5 136724.20918949269
733.0 136103.6250624778
733.5 135469.4911232357
734.0 134821.55148373795
734.5 134159.255940374
735.0 133482.04642306213
735.5 132789.36486172053
736.0 132080.65318626747
736.5 131355.35332662117
737.0 130612.90721269976
737.5 129852.75677442158
738.0 129074.34394170479
738.5 128277.11064446764
739.0 127460.49881262837
739.5 126623.95037610519
740.0 125766.9072648163
740.5 124888.81140867998
741.0 123989.10473761438
741.5 123067.22918153777
742.0 122122.6266703684
742.5 121154.81731337015
743.0 120164.15974434385
743.5 119151.5219640626
744.0 118117.77914899799
744.5 117063.80647562159
745.0 115990.47912040501
745.5 114898.67225981984
746.0 113789.26107033768
746.5 112663.12072843009
747.0 111521.1264105687
747.5 110364.15329322508
748.0 109193.07655287081
748.5 108008.77136597753
749.0 106812.11290901677
749.5 105603.97635846018
750.0 104385.2368907793
750.5 103156.76958765133
751.0 101919.44754576794
751.5 100674.14197962325
752.0 99421.72402949279
752.5 98163.06483565208
753.0 96899.03553837661
753.5 95630.50727794191
754.0 94358.35119462348
754.5 93083.43842869686
755.0 91806.64012043749
755.5 90528.82741012098
756.0 89250.87756731678
756.5 87973.72591120943
757.0 86698.33976787583
757.5 85425.68679809317
758.0 84156.7346626385
758.5 82892.45102228895
759.0 81633.80353782162
759.5 80381.75987001363
760.0 79137.28767964212
760.5 77901.35462748414
761.0 76674.92837431683
761.5 75458.9765809173
762.0 74254.46690806268
762.5 73062.36701653004
763.0 71883.64456709653
763.5 70719.26722053923
764.0 69570.20263763527
764.5 68437.41847916174
765.0 67321.78276653918
765.5 66223.26474473727
766.0 65141.35716374042
766.5 64075.54840715346
767.0 63025.32685858131
767.5 61990.180901628846
768.0 60969.59891990096
768.5 59963.06929700251
769.0 58970.08041653841
769.5 57990.12066211352
770.0 57022.67841733275
770.5 56067.24206580096
771.0 55123.299991123036
771.5 54190.34057690387
772.0 53267.85220674835
772.5 52355.32326426136
773.0 51452.24213304777
773.5 50558.09719671247
774.0 49672.37683886035
774.5 48794.56944309629
775.0 47924.16339302518
775.5 47060.647072251886
776.0 46203.5088643813
776.5 45352.260695017496
777.0 44507.22541262428
777.5 43669.722641750355
778.0 42841.133216460774
778.5 42022.8379708206
779.0 41216.217738894884
779.5 40422.653354748705
780.0 39643.5256524471
780.5 38880.215466055124
781.0 38134.10362963786
781.5 37406.570977260344
782.0 36698.99834298764
782.5 36012.76656088481
783.0 35349.25646501691
783.5 34709.848889449
784.0 34095.92466824613
784.5 33508.84948098232
785.0 32948.93307391493
785.5 32414.75808274684
786.0 31904.747480448645
786.5 31417.32423999093
787.0 30950.91133434429
787.5 30503.931736479324
788.0 30074.808419366615
788.5 29661.964355976754
789.0 29263.822519280333
789.5 28878.80588224795
790.0 28505.33741785019
790.5 28141.840099057645
791.0 27786.870489095876
791.5 27439.902975772693
792.0 27100.797617527132
792.5 26769.415804445714
793.0 26445.618926614956
793.5 26129.268374121388
794.0 25820.225537051523
794.5 25518.35180549189
795.0 25223.508569529004
795.5 24935.557219249393
796.0 24654.359144739574
796.5 24379.775736086074
797.0 24111.668383375414
797.5 23849.89847669411
798.0 23594.327406128694
798.5 23344.816561765678
799.0 23101.227333691593
799.5 22863.421111998407
800.0 22631.270199414597
800.5 22404.68951415256
801.0 22183.60437563741
801.5 21967.94010329424
802.0 21757.622016548157
802.5 21552.575434824248
803.0 21352.72567754763
803.5 21157.998064143398
804.0 20968.317914036652
804.5 20783.61054665249
805.0 20603.80128141602
805.5 20428.81543775234
806.0 20258.578335086542
806.5 20093.015292843746
807.0 19932.05163044904
807.5 19775.612667327525
808.0 19623.623722904304
808.5 19476.01011660448
809.0 19332.697167853148
809.5 19193.609927090758
810.0 19058.664778283946
810.5 18927.767785726286
811.0 18800.824410924273
811.5 18677.740115384386
812.0 18558.420360613116
812.5 18442.770608116945
813.0 18330.696319402363
813.5 18222.102955975854
814.0 18116.895979343895
814.5 18014.980851012988
815.0 17916.263032489605
815.5 17820.647985280244
816.0 17728.041170891378
816.5 17638.348050829503
817.0 17551.47408660111
817.5 17467.32473971267
818.0 17385.805471670672
818.5 17306.821743981607
819.0 17230.279018151967
819.5 17156.08275568822
820.0 17084.13841809687
820.5 17014.351466884393
821.0 16946.627363557276
821.5 16880.87156962201
822.0 16816.989546585075
822.5 16754.88675595296
823.0 16694.468659232152
823.5 16635.64071792913
824.0 16578.308393550386
824.5 16522.37714760241
825.0 16467.75244159168
825.5 16414.340692823465
826.0 16362.079140470765
826.5 16310.941740473794
827.0 16260.90459488267
827.5 16211.943805747505
828.0 16164.035475118415
828.5 16117.155705045516
829.0 16071.280597578925
829.5 16026.386254768757
830.0 15982.44877866513
830.5 15939.444271318154
831.0 15897.348834777951
831.5 15856.138571094634
832.0 15815.789582318319
832.5 15776.27797049912
833.0 15737.579837687157
833.5 15699.671285932543
834.0 15662.528417285394
834.5 15626.127333795826
835.0 15590.444137513956
835.5 15555.454930489896
836.0 15521.135814773768
836.5 15487.46289241568
837.0 15454.412265465755
837.5 15421.960035974105
838.0 15390.082305990845
838.5 15358.755177566094
839.0 15327.954752749967
839.5 15297.657133592578
840.0 15267.838422144045
840.5 15238.474720454482
841.0 15209.542130574004
841.5 15181.016754552727
842.0 15152.874694440772
842.5 15125.092052288248
843.0 15097.644930145272
843.5 15070.509430061966
844.0 15043.661654088439
844.5 15017.077704274807
845.0 14990.733682671189
845.5 14964.6056913277
846.0 14938.669832294454
846.5 14912.90220762157
847.0 14887.278919359162
847.5 14861.776069557343
848.0 14836.369760266236
848.5 14811.036149736065
849.0 14785.759296544984
849.5 14760.539233356876
850.0 14735.377919320004
850.5 14710.277313582637
851.0 14685.239375293044
851.5 14660.26606359949
852.0 14635.359337650247
852.5 14610.521156593579
853.0 14585.753479577754
853.5 14561.05826575104
854.0 14536.437474261706
854.5 14511.893064258018
855.0 14487.426994888247
855.5 14463.041225300656
856.0 14438.737714643516
856.5 14414.518422065092
857.0 14390.385306713655
857.5 14366.340327737475
858.0 14342.385444284811
858.5 14318.522615503936
859.0 14294.75380054312
859.5 14271.080958550625
860.0 14247.506048674722
860.5 14224.03103006368
861.0 14200.657861865764
861.5 14177.388503229244
862.0 14154.224913302385
862.5 14131.169051233457
863.0 14108.222876170727
863.5 14085.388347262462
864.0 14062.667423656932
864.5 14040.062064502403
865.0 14017.574228947142
865.5 13995.205876139418
866.0 13972.958965227499
866.5 13950.83545535965
867.0 13928.837305684143
867.5 13906.966475349242
868.0 13885.224923503218
868.5 13863.614609294336
869.0 13842.137491870864
869.5 13820.79553038107
870.0 13799.590683973222
870.5 13778.524911795588
871.0 13757.600172996436
871.5 13736.81842672403
872.0 13716.181632126645
872.5 13695.691748352543
873.0 13675.350734549993
873.5 13655.160549867263
874.0 13635.12315345262
874.5 13615.240504454334
875.0 13595.514562020671
875.5 13575.946562784846
876.0 13556.534250555747
876.5 13537.274315080307
877.0 13518.163445885848
877.5 13499.198332499698
878.0 13480.375664449179
878.5 13461.692131261612
879.0 13443.144422464326
879.5 13424.729227584641
880.0 13406.443236149884
880.5 13388.283137687378
881.0 13370.245621724445
881.5 13352.327377788413
882.0 13334.525095406605
882.5 13316.835464106345
883.0 13299.255173414955
883.5 13281.780912859758
884.0 13264.409371968084
884.5 13247.137240267253
885.0 13229.96120728459
885.5 13212.877962547418
886.0 13195.884195583061
886.5 13178.976595918844
887.0 13162.151853082092
887.5 13145.40665660013
888.0 13128.737696000277
888.5 13112.14166080986
889.0 13095.615240556202
889.5 13079.155124766632
890.0 13062.758002968469
890.5 13046.42056468904
891.0 13030.139499455665
891.5 13013.911496795672
892.0 12997.733246236383
892.5 12981.601437305122
893.0 12965.512759529218
893.5 12949.463902435988
894.0 12933.451555552756
894.5 12917.472408406853
895.0 12901.523150525598
895.5 12885.600471436317
896.0 12869.701060666332
896.5 12853.821607742968
897.0 12837.958802193552
897.5 12822.109333545404
898.0 12806.26989132585
898.5 12790.437165062212
899.0 12774.607844281816
899.5 12758.778618511988
900.0 12742.946177280048
