Wavelength Extinction
308.0 30106.273889630764
308.5 30023.666980457925
309.0 29906.35904695241
309.5 29742.692227401043
310.0 29521.00866009065
310.5 29229.650483308047
311.0 28856.959835340065
311.5 28396.338608282134
312.0 27863.786623246793
312.5 27281.610064677574
313.0 26672.115397290036
313.5 26058.49250844536
314.0 25467.956929116655
314.5 24928.87024369999
315.0 24469.59411909004
315.5 24112.26977430296
316.0 23850.1166685836
316.5 23667.955035664698
317.0 23550.60419778563
317.5 23482.88347718576
318.0 23449.61219610445
318.5 23435.609676781063
319.0 23425.695241454974
319.5 23404.688212365538
320.0 23357.407911752125
320.5 23272.015569569212
321.0 23153.013657983465
321.5 23009.891663065147
322.0 22852.1402954488
322.5 22689.250265768955
323.0 22530.712284660156
323.5 22386.017062756928
324.0 22264.65531069382
324.5 22174.38929743283
325.0 22114.1806440234
325.5 22080.19701530881
326.0 22068.6049331552
326.5 22075.570919428716
327.0 22097.26149599549
327.5 22129.84318472168
328.0 22169.482507473418
328.5 22212.34598611685
329.0 22254.60014251812
329.5 22293.058830042086
330.0 22328.00337837803
330.5 22360.871264956262
331.0 22393.10076464894
331.5 22426.130152328235
332.0 22461.397702866325
332.5 22500.341691135367
333.0 22544.40039200755
333.5 22595.012080355038
334.0 22653.61503104999
334.5 22721.647518964593
335.0 22800.547818971012
335.5 22891.233025256744
336.0 22991.65197601777
336.5 23098.70420547796
337.0 23209.288040332933
337.5 23320.30180727833
338.0 23428.643833009777
338.5 23531.212444222903
339.0 23624.905967613344
339.5 23707.220405072778
340.0 23779.19862454702
340.5 23843.186843224998
341.0 23901.533284014473
341.5 23956.586169823222
342.0 24010.693723559
342.5 24066.204168129592
343.0 24125.465726442755
343.5 24190.826621406253
344.0 24264.63507592787
344.5 24349.23931291536
345.0 24446.987555276493
345.5 24559.685220185198
346.0 24685.709846721726
346.5 24822.104578772716
347.0 24965.909558876552
347.5 25114.16492957161
348.0 25263.910833396258
348.5 25412.187412888874
349.0 25556.03481058784
349.5 25692.49316903152
350.0 25818.602630758298
350.5 25932.05465239949
351.0 26034.874350871007
351.5 26130.85610102127
352.0 26223.799519044995
352.5 26317.504221136915
353.0 26415.76982349176
353.5 26522.395942304258
354.0 26641.182193769146
354.5 26775.078141027432
355.0 26921.13360947341
355.5 27073.89680332205
356.0 27227.906880542057
356.5 27377.702999102123
357.0 27517.824316970953
357.5 27642.809992117243
358.0 27747.1991825097
358.5 27826.263758539073
359.0 27880.581899713587
359.5 27913.068136959755
360.0 27926.647151967954
360.5 27924.243626428564
361.0 27908.782242031946
361.5 27883.187680468476
362.0 27850.384623428516
362.5 27813.297752602448
363.0 27774.85174968064
363.5 27737.690048064975
364.0 27702.30691729344
364.5 27668.20504375382
365.0 27634.881796524183
365.5 27601.834544682602
366.0 27568.560657307156
366.5 27534.55750347593
367.0 27499.32245226699
367.5 27462.35287275842
368.0 27423.146134028295
368.5 27381.199605154685
369.0 27336.01065521568
369.5 27287.076653289347
370.0 27233.894968453766
370.5 27176.018446501163
371.0 27113.457428510297
371.5 27046.44748420474
372.0 26975.22575742099
372.5 26900.029391995555
373.0 26821.095531764946
373.5 26738.661320565665
374.0 26652.963902234223
374.5 26564.240420607122
375.0 26472.728019520877
375.5 26378.663842811984
376.0 26282.285034316963
376.5 26183.828737872307
377.0 26083.532097314528
377.5 25981.632256480138
378.0 25878.366359205644
378.5 25773.992366372036
379.0 25668.955875711596
379.5 25563.80190259118
380.0 25459.076371499094
380.5 25355.325206923615
381.0 25253.094333353045
381.5 25152.929675275667
382.0 25055.377157179788
382.5 24960.935935072397
383.0 24869.664126895288
383.5 24781.377507330984
384.0 24695.889345219253
384.5 24613.012909399884
385.0 24532.56146871266
385.5 24454.348291997372
386.0 24378.18664809379
386.5 24303.889805841703
387.0 24231.2710340809
387.5 24160.143601651158
388.0 24090.320777392266
388.5 24021.615830143997
389.0 23953.842028746145
389.5 23886.854936361415
390.0 23820.942436873007
390.5 23756.645512576688
391.0 23694.508342334513
391.5 23635.07510500854
392.0 23578.88997946081
392.5 23526.497144553396
393.0 23478.440779148343
393.5 23435.2650621077
394.0 23397.514172293537
394.5 23365.686787499813
395.0 23339.788340294275
395.5 23319.522212952572
396.0 23304.58743271897
396.5 23294.683026837756
397.0 23289.508022553193
397.5 23288.761447109566
398.0 23292.142327751142
398.5 23299.3496917222
399.0 23310.082566267018
399.5 23324.039978629866
400.0 23340.92095605502
400.5 23360.424525786748
401.0 23382.249715069334
401.5 23406.113695368545
402.0 23431.94756779841
402.5 23459.821892089363
403.0 23489.80961781902
403.5 23521.983694564984
404.0 23556.41707190486
404.5 23593.18269941626
405.0 23632.353526676776
405.5 23674.002503264022
406.0 23718.2025787556
406.5 23765.02670272913
407.0 23814.547824762194
407.5 23866.838894432418
408.0 23921.9728613174
408.5 23980.007656026868
409.0 24040.80813559406
409.5 24104.105218081608
410.0 24169.627127541185
410.5 24237.102088024465
411.0 24306.258323583123
411.5 24376.824058268823
412.0 24448.527516133243
412.5 24521.096921228054
413.0 24594.260497604926
413.5 24667.746469315534
414.0 24741.283060411548
414.5 24814.63469240606
415.0 24888.067959118223
415.5 24962.216795456778
416.0 25037.723538509377
416.5 25115.230525363684
417.0 25195.380093107367
417.5 25278.81457882808
418.0 25366.176319613496
418.5 25458.107652551273
419.0 25555.250914729077
419.5 25658.143967077216
420.0 25765.77787036496
420.5 25875.961324634143
421.0 25986.473095004476
421.5 26095.091946595683
422.0 26199.596644527483
422.5 26297.765953919603
423.0 26387.378639891755
423.5 26466.30815507129
424.0 26533.906464128966
424.5 26590.696102168946
425.0 26637.231648522746
425.5 26674.067682521883
426.0 26701.758783497884
426.5 26720.85953078226
427.0 26731.924503706545
427.5 26735.508281602255
428.0 26732.165443800906
428.5 26722.450569634024
429.0 26706.91823843312
429.5 26686.112614610985
430.0 26660.40136009452
430.5 26630.004854071503
431.0 26595.138964829468
431.5 26556.019560655954
432.0 26512.86250983849
432.5 26465.883680664625
433.0 26415.298941421894
433.5 26361.324160397824
434.0 26304.175205879965
434.5 26244.067946155843
435.0 26181.218249513
435.5 26115.85326643442
436.0 26048.408218357054
436.5 25979.501299432934
437.0 25909.756940347525
437.5 25839.799571786294
438.0 25770.2536244347
438.5 25701.743528978204
439.0 25634.893716102262
439.5 25570.308277917975
440.0 25508.193856516325
440.5 25448.395188838975
441.0 25390.743801793367
441.5 25335.071222286948
442.0 25281.20897722716
442.5 25228.98859352147
443.0 25178.241598077308
443.5 25128.799517802134
444.0 25080.493879603386
444.5 25033.16351671336
445.0 24986.80107444101
445.5 24941.5454951661
446.0 24897.541523409753
446.5 24854.933903693072
447.0 24813.86738053716
447.5 24774.486698463134
448.0 24736.936601992104
448.5 24701.36183564517
449.0 24667.907143943445
449.5 24636.717271408037
450.0 24607.936962560063
450.5 24581.710961920617
451.0 24558.18401401082
451.5 24537.500863351775
452.0 24519.806254464595
452.5 24505.238329777454
453.0 24493.77788414531
453.5 24485.245247573577
454.0 24479.453524444296
454.5 24476.215819139492
455.0 24475.34523604119
455.5 24476.654879531434
456.0 24479.957853992244
456.5 24485.067263805657
457.0 24491.796213353697
457.5 24499.957807018403
458.0 24509.365149181802
458.5 24519.836012681644
459.0 24531.31081815858
459.5 24543.861771815467
460.0 24557.567578821538
460.5 24572.506944346067
461.0 24588.75857355829
461.5 24606.40117162748
462.0 24625.51344372288
462.5 24646.17409501375
463.0 24668.461830669337
463.5 24692.455355858907
464.0 24718.233375751708
464.5 24745.874595516994
465.0 24775.45772032402
465.5 24807.05542141341
466.0 24840.561781297834
466.5 24875.666902931716
467.0 24912.049749026988
467.5 24949.389282295586
468.0 24987.364465449453
468.5 25025.65426120052
469.0 25063.937632260728
469.5 25101.893541342004
470.0 25139.200951156297
470.5 25175.538824415537
471.0 25210.58612383166
471.5 25244.021812116604
472.0 25275.524851982304
472.5 25304.774206140704
473.0 25331.44883730373
473.5 25355.2411495711
474.0 25376.303092979255
474.5 25395.349504025868
475.0 25413.129595635903
475.5 25430.392580734322
476.0 25447.887672246095
476.5 25466.36408309619
477.0 25486.571026209578
477.5 25509.25771451122
478.0 25535.173360926085
478.5 25565.06717837915
479.0 25599.68837979537
479.5 25639.77467659253
480.0 25685.622779348905
480.5 25736.960038680874
481.0 25793.476105522408
481.5 25854.860630807463
482.0 25920.803265470004
482.5 25990.993660443997
483.0 26065.121466663404
483.5 26142.876335062196
484.0 26223.94791657432
484.5 26308.02586213375
485.0 26394.79982267445
485.5 26483.96044530036
486.0 26575.24148230429
486.5 26668.43535506272
487.0 26763.338686926138
487.5 26859.748101245004
488.0 26957.460221369816
488.5 27056.27167065103
489.0 27155.979072439135
489.5 27256.379050084597
490.0 27357.26822693791
490.5 27458.443226349536
491.0 27559.700671669958
491.5 27660.83718624965
492.0 27761.649393439093
492.5 27861.936945615536
493.0 27961.65175503997
493.5 28060.966185918463
494.0 28160.069858196533
494.5 28259.15239181972
495.0 28358.40340673354
495.5 28458.012522883528
496.0 28558.169360215208
496.5 28659.063538674105
497.0 28760.88467820575
497.5 28863.822398755674
498.0 28968.06632026939
498.5 29073.806062692438
499.0 29181.231245970343
499.5 29290.531490048623
500.0 29401.89641487282
500.5 29515.514689898664
501.0 29631.517495361153
501.5 29749.94663778842
502.0 29870.836204543
502.5 29994.220282987433
503.0 30120.132960484247
503.5 30248.60832439598
504.0 30379.680462085165
504.5 30513.38346091434
505.0 30649.75140824604
505.5 30788.818391442805
506.0 30930.618497867163
506.5 31075.185814881654
507.0 31222.55442984881
507.5 31372.758430131165
508.0 31525.831903091264
508.5 31681.80893609163
509.0 31840.723616494808
509.5 32002.610618974817
510.0 32167.549267504306
510.5 32335.69412604835
511.0 32507.206991290877
511.5 32682.249659915833
512.0 32860.98392860714
512.5 33043.57159404873
513.0 33230.17445292454
513.5 33420.95430191851
514.0 33616.07293771456
514.5 33815.69215699665
515.0 34019.973756448686
515.5 34229.079532754615
516.0 34443.17128259836
516.5 34662.41080266387
517.0 34886.95988963507
517.5 35116.98034019589
518.0 35352.63395103027
518.5 35594.07824333112
519.0 35841.05103399454
519.5 36092.52286382757
520.0 36347.38244902194
520.5 36604.5185057694
521.0 36862.81975026166
521.5 37121.17489869044
522.0 37378.47266724749
522.5 37633.60177212454
523.0 37885.45092951329
523.5 38132.90885560549
524.0 38374.86426659287
524.5 38610.21083777549
525.0 38838.43010161802
525.5 39060.1387956556
526.0 39276.0831825025
526.5 39487.009524772955
527.0 39693.66408508122
527.5 39896.79312604153
528.0 40097.142910268136
528.5 40295.45970037528
529.0 40492.48975897721
529.5 40688.97934868817
530.0 40885.6747321224
530.5 41083.32217189415
531.0 41282.667930617674
531.5 41484.45827090721
532.0 41689.439455377
532.5 41898.355647370416
533.0 42111.62201536069
533.5 42328.96984619
534.0 42550.04519748805
534.5 42774.494126884536
535.0 43001.96269200915
535.5 43232.09695049163
536.0 43464.542959961625
536.5 43698.94677804888
537.0 43934.95446238309
537.5 44172.21207059394
538.0 44410.36566031114
538.5 44649.06235206989
539.0 44888.159997074355
539.5 45127.97963666077
540.0 45368.90391745987
540.5 45611.31548610237
541.0 45855.596989219004
541.5 46102.1310734405
542.0 46351.30038539758
542.5 46603.48757172097
543.0 46859.075279041404
543.5 47118.4461539896
544.0 47381.98284319628
544.5 47650.06799329219
545.0 47923.08425090805
545.5 48201.414262674574
546.0 48485.4406752225
546.5 48775.54498445806
547.0 49071.78278364276
547.5 49373.437451344755
548.0 49679.68051616358
548.5 49989.68350669876
549.0 50302.61795154984
549.5 50617.65537931636
550.0 50933.96731859783
550.5 51250.72529799381
551.0 51567.10084610383
551.5 51882.2654915274
552.0 52195.390762864095
552.5 52505.64818871342
553.0 52812.20929767492
553.5 53114.245618348126
554.0 53410.92867933256
554.5 53701.43000922778
555.0 53984.92113663331
555.5 54260.57452187107
556.0 54527.989315176565
556.5 54787.866064800364
557.0 55041.080641233224
557.5 55288.50891496586
558.0 55531.026756489024
558.5 55769.51003629344
559.0 56004.83462486986
559.5 56237.87639270901
560.0 56469.51121030165
560.5 56700.61494813849
561.0 56932.06347671028
561.5 57164.732666507756
562.0 57399.49838802165
562.5 57637.23651174272
563.0 57878.822908161674
563.5 58125.13344776927
564.0 58377.04400105624
564.5 58635.430438513315
565.0 58901.16863063124
565.5 59175.13444790075
566.0 59458.20376081258
566.5 59751.25154960433
567.0 60054.282097978044
567.5 60364.800583503114
568.0 60679.866595876665
568.5 60996.53972479581
569.0 61311.8795599577
569.5 61622.94569105946
570.0 61926.7977077982
570.5 62220.49519987105
571.0 62501.09775697516
571.5 62765.66563526692
572.0 63012.272306554674
572.5 63242.04486451031
573.0 63456.68336464899
573.5 63657.88786248586
574.0 63847.35841353605
574.5 64026.79507331472
575.0 64197.89789733702
575.5 64362.36694111809
576.0 64521.902260173076
576.5 64678.203726424355
577.0 64832.495160908715
577.5 64984.49342871735
578.0 65133.61791802953
578.5 65279.288017024475
579.0 65420.92311388144
579.5 65557.9425967797
580.0 65689.76585389843
580.5 65815.81227341694
581.0 65935.50124351445
581.5 66048.2521820046
582.0 66153.63496336101
582.5 66251.71986469455
583.0 66342.6810632709
583.5 66426.6927363557
584.0 66503.92906121467
584.5 66574.56421511341
585.0 66638.77237531764
585.5 66696.727719093
586.0 66748.60442370517
586.5 66794.57666641982
587.0 66834.81862450257
587.5 66869.50447628579
588.0 66898.8249776415
588.5 66923.02940400972
589.0 66942.37993719413
589.5 66957.13875899832
590.0 66967.56805122594
590.5 66973.92999568064
591.0 66976.48677416604
591.5 66975.50056848579
592.0 66971.23356044354
592.5 66963.9479318429
593.0 66953.9058644875
593.5 66941.36954018101
594.0 66926.60114072706
594.5 66909.86284792925
595.0 66891.41684359126
595.5 66871.52530953198
596.0 66850.45513523433
596.5 66828.49121137858
597.0 66805.92273063638
597.5 66783.03888567937
598.0 66760.12886917916
598.5 66737.48187380734
599.0 66715.38709223557
599.5 66694.13371713547
600.0 66674.01094117863
600.5 66655.30795703665
601.0 66638.31395738121
601.5 66623.31813488388
602.0 66610.60968221632
602.5 66600.47779205011
603.0 66593.2629467086
603.5 66589.5159851571
604.0 66589.84166778665
604.5 66594.84475501883
605.0 66605.13000727515
605.5 66621.3021849772
606.0 66643.96604854651
606.5 66673.72635840464
607.0 66711.18787497317
607.5 66756.9553586736
608.0 66811.63356992752
608.5 66875.8272691565
609.0 66950.09290162985
609.5 67034.77646866163
610.0 67130.16668954016
610.5 67236.55228234979
611.0 67354.2219651748
611.5 67483.46445609954
612.0 67624.56847320832
612.5 67777.82273458545
613.0 67943.51595831529
613.5 68121.9368624821
614.0 68313.37416517026
614.5 68518.11658446405
615.0 68736.12530445523
615.5 68965.84624782194
616.0 69205.28745715583
616.5 69452.45693189708
617.0 69705.36267148594
617.5 69962.0126753626
618.0 70220.41494296731
618.5 70478.57747374027
619.0 70734.50826712174
619.5 70986.2153225519
620.0 71232.99492462655
620.5 71480.41090084433
621.0 71735.93030679069
621.5 72007.02063302124
622.0 72301.14937009163
622.5 72625.78400855749
623.0 72985.32125867499
623.5 73368.75856326017
624.0 73760.27643409267
624.5 74144.05373759835
625.0 74504.26934020298
625.5 74825.1021083324
626.0 75093.61795096565
626.5 75311.8074354799
627.0 75486.46959716696
627.5 75624.40579828553
628.0 75732.41740109434
628.5 75817.30576785211
629.0 75885.87226081756
629.5 75944.91824224938
630.0 76000.2593312047
630.5 76052.4038244698
631.0 76100.0816880585
631.5 76142.02160217903
632.0 76176.95224703965
632.5 76203.60230284864
633.0 76220.70044981422
633.5 76226.9753681447
634.0 76221.47771098361
634.5 76205.0639358678
635.0 76179.21964833557
635.5 76145.43109720446
636.0 76105.18453129202
636.5 76059.96619941578
637.0 76011.26235039331
637.5 75960.55923304216
638.0 75906.7619675706
638.5 75833.69349467846
639.0 75719.7144904681
639.5 75543.1780645197
640.0 75282.43732641349
640.5 74915.84538572963
641.0 74427.66517614119
641.5 73837.77744280604
642.0 73179.34152123689
642.5 72485.53934028644
643.0 71786.19133678605
643.5 71090.43475333696
644.0 70399.546223694
644.5 69714.78718084267
645.0 69037.41905776855
645.5 68368.70328745717
646.0 67709.51697451615
646.5 67058.29754898086
647.0 66412.52820530656
647.5 65769.68992873923
648.0 65127.26370452497
648.5 64482.7305179098
649.0 63833.57135413976
649.5 63177.26719846091
650.0 62511.2990361193
650.5 61833.14785236096
651.0 61140.29463243193
651.5 60430.22036157827
652.0 59700.820166142636
652.5 58952.78867251938
653.0 58187.979845200236
653.5 57408.251357846486
654.0 56615.46088411942
654.5 55811.46609768032
655.0 54998.12467219048
655.5 54177.294281311195
656.0 53350.83259870376
656.5 52520.597298029454
657.0 51688.44605294956
657.5 50856.23653712539
658.0 50025.70049608949
658.5 49197.66258575145
659.0 48372.549955563154
659.5 47550.78806599695
660.0 46732.80237752519
660.5 45919.01835062025
661.0 45109.86144575448
661.5 44305.75712340025
662.0 43507.130844029925
662.5 42714.408068115845
663.0 41928.01425613039
663.5 41148.3748685459
664.0 40375.91536583476
664.5 39611.06120846932
665.0 38854.23785692193
665.5 38105.87077166495
666.0 37366.385413170756
666.5 36636.20724191171
667.0 35915.761718360154
667.5 35205.47430298847
668.0 34505.74892821529
668.5 33816.81678474241
669.0 33138.825962430616
669.5 32471.92402088569
670.0 31816.2585197134
670.5 31171.977018519527
671.0 30539.227076909847
671.5 29918.15625449014
672.0 29308.912110866182
672.5 28711.642205643744
673.0 28126.49409842862
673.5 27553.615348826566
674.0 26993.15351644337
674.5 26445.256160884805
675.0 25910.070841756657
675.5 25387.745118664694
676.0 24878.426551214692
676.5 24382.262699012437
677.0 23899.4011216637
677.5 23429.989378774262
678.0 22974.175029949896
678.5 22532.10563479638
679.0 22103.895724616323
679.5 21689.36045656204
680.0 21288.155645465344
680.5 20899.935626045317
681.0 20524.35473302102
681.5 20161.067301111547
682.0 19809.727665035967
682.5 19469.99015951336
683.0 19141.509119262806
683.5 18823.938879003374
684.0 18516.933773454144
684.5 18220.148137334196
685.0 17933.23630536261
685.5 17655.852612258455
686.0 17387.65139274082
686.5 17128.28698152877
687.0 16877.413713341386
687.5 16634.685922897745
688.0 16399.757944916928
688.5 16172.28411411801
689.0 15951.927859296296
689.5 15738.445030199371
690.0 15531.64534155006
690.5 15331.339179172444
691.0 15137.336928890605
691.5 14949.448976528633
692.0 14767.485707910602
692.5 14591.2575088606
693.0 14420.574765202711
693.5 14255.247862761016
694.0 14095.087187359602
694.5 13939.903124822546
695.0 13789.506060973932
695.5 13643.706381637847
696.0 13502.314472638373
696.5 13365.140719799589
697.0 13231.995508945582
697.5 13102.689225900434
698.0 12977.032256488232
698.5 12854.834986533051
699.0 12735.91102813692
699.5 12620.11089916215
700.0 12507.308645927682
700.5 12397.37869442888
701.0 12290.195470661107
701.5 12185.633400619725
702.0 12083.566910300096
702.5 11983.870425697582
703.0 11886.418372807548
703.5 11791.085177625357
704.0 11697.745266146367
704.5 11606.273064365943
705.0 11516.542998279449
705.5 11428.429493882244
706.0 11341.806977169694
706.5 11256.549874137161
707.0 11172.532610780007
707.5 11089.629613093593
708.0 11007.715307073286
708.5 10926.664118714443
709.0 10846.355614780572
709.5 10766.73586662062
710.0 10687.797287132518
710.5 10609.533231691677
711.0 10531.937055673512
711.5 10455.002114453437
712.0 10378.721763406864
712.5 10303.089357909203
713.0 10228.09825333587
713.5 10153.741805062275
714.0 10080.013368463831
714.5 10006.906298915954
715.0 9934.413951794053
715.5 9862.529682473543
716.0 9791.246846329837
716.5 9720.558798738348
717.0 9650.45889507449
717.5 9580.940490713669
718.0 9511.996941031304
718.5 9443.621601402805
719.0 9375.807827203585
719.5 9308.54897380906
720.0 9241.838396594641
720.5 9175.669450935738
721.0 9110.035492207768
721.5 9044.929875786138
722.0 8980.34595704627
722.5 8916.277091363565
723.0 8852.716634113445
723.5 8789.657940671319
724.0 8727.0943664126
724.5 8665.019266712705
725.0 8603.425996947039
725.5 8542.30791249102
726.0 8481.65836872006
726.5 8421.470721009573
727.0 8361.738324734966
727.5 8302.454535271658
728.0 8243.61270799506
728.5 8185.2061982805835
729.0 8127.228542830425
729.5 8069.676329981382
730.0 8012.548683327976
730.5 7955.84480340226
731.0 7899.563890736286
731.5 7843.705145862111
732.0 7788.267769311784
732.5 7733.250961617361
733.0 7678.653923310894
733.5 7624.475854924436
734.0 7570.7159569900405
734.5 7517.373430039763
735.0 7464.447474605652
735.5 7411.937291219766
736.0 7359.842080414155
736.5 7308.1610427208725
737.0 7256.8933786719745
737.5 7206.03828879951
738.0 7155.594973635536
738.5 7105.562633712104
739.0 7055.940469561267
739.5 7006.72768171508
740.0 6957.923470705594
740.5 6909.527037064863
741.0 6861.537581324942
741.5 6813.954304017882
742.0 6766.776405675738
742.5 6720.003086830562
743.0 6673.633548014408
743.5 6627.666989759328
744.0 6582.102612597377
744.5 6536.939617060608
745.0 6492.1772036810735
745.5 6447.8145729908265
746.0 6403.850925521921
746.5 6360.285461806411
747.0 6317.117382376349
747.5 6274.345887763788
748.0 6231.970178500782
748.5 6189.989455119382
749.0 6148.4029181516435
749.5 6107.209768129621
750.0 6066.409205585364
750.5 6026.000431050929
751.0 5985.982645058367
751.5 5946.355048139733
752.0 5907.1168408270805
752.5 5868.267223652461
753.0 5829.805397147929
753.5 5791.7305618455375
754.0 5754.04191827734
754.5 5716.73866697539
755.0 5679.820008471739
755.5 5643.285143298442
756.0 5607.133271987552
756.5 5571.363595071122
757.0 5535.975313081207
757.5 5500.9676265498565
758.0 5466.339736009127
758.5 5432.09084199107
759.0 5398.22014502774
759.5 5364.726845651189
760.0 5331.610144393473
760.5 5298.869241786641
761.0 5266.50333836275
761.5 5234.511634653851
762.0 5202.893331191999
762.5 5171.647628509247
763.0 5140.773657718687
763.5 5110.268582244927
764.0 5080.127366527511
764.5 5050.3448591485285
765.0 5020.915908690071
765.5 4991.835363734231
766.0 4963.098072863093
766.5 4934.698884658752
767.0 4906.632647703297
767.5 4878.894210578818
768.0 4851.478421867406
768.5 4824.380130151149
769.0 4797.594184012141
769.5 4771.11543203247
770.0 4744.938722794226
770.5 4719.0589048795
771.0 4693.470826870383
771.5 4668.169337348963
772.0 4643.149284897333
772.5 4618.405518097581
773.0 4593.932885531799
773.5 4569.726235782076
774.0 4545.780417430504
774.5 4522.090279059172
775.0 4498.650669250169
775.5 4475.456436585589
776.0 4452.502429647518
776.5 4429.783497018049
777.0 4407.294487279272
777.5 4385.030249013277
778.0 4362.9856308021535
778.5 4341.155481227992
779.0 4319.534648872886
779.5 4298.11798231892
780.0 4276.900330148188
780.5 4255.876540942781
781.0 4235.041463284787
781.5 4214.389945756297
782.0 4193.916836939402
782.5 4173.61698541619
783.0 4153.4852397687555
783.5 4133.516448579185
784.0 4113.70546042957
784.5 4094.0471239020017
785.0 4074.536287578569
785.5 4055.167800041363
786.0 4035.9365098724734
786.5 4016.837265653992
787.0 3997.864915968007
787.5 3979.0143093966094
788.0 3960.2802945218905
788.5 3941.6577199259395
789.0 3923.1414341908467
789.5 3904.726285898703
790.0 3886.4071236315976
790.5 3868.178795971623
791.0 3850.0361515008667
791.5 3831.9740388014206
792.0 3813.987306455376
792.5 3796.07080304482
793.0 3778.219377151846
793.5 3760.4278773585424
794.0 3742.6911522470004
794.5 3725.00405039931
795.0 3707.3614203975617
795.5 3689.7581108238455
796.0 3672.1889702602516
796.5 3654.6488472888705
797.0 3637.1325904917926
797.5 3619.6350484511086
798.0 3602.1510697489075
798.5 3584.6755029672804
799.0 3567.203196688318
799.5 3549.7289994941093
800.0 3532.2477599667463
800.5 3514.7543266883176
801.0 3497.2435482409146
801.5 3479.7102732066273
802.0 3462.1493501675463
802.5 3444.5556277057613
803.0 3426.923954403362
803.5 3409.24917884244
804.0 3391.5261496050853
804.5 3373.7497152733886
805.0 3355.914724429438
805.5 3338.016025655326
806.0 3320.0484675331427
806.5 3302.006898644978
807.0 3283.8861675729213
807.5 3265.6811228990637
808.0 3247.3866498445354
808.5 3229.0003104680823
809.0 3210.5241173045742
809.5 3191.9605032538498
810.0 3173.3119012157485
810.5 3154.5807440901094
811.0 3135.769464776771
811.5 3116.880496175574
812.0 3097.9162711863555
812.5 3078.879222708956
813.0 3059.771783643214
813.5 3040.596386888968
814.0 3021.3554653460583
814.5 3002.051451914323
815.0 2982.686779493602
815.5 2963.263880983734
816.0 2943.7851892845583
816.5 2924.253137295914
817.0 2904.67015791764
817.5 2885.0386840495753
818.0 2865.361148591559
818.5 2845.6399844434304
819.0 2825.877624505028
819.5 2806.076501676192
820.0 2786.2390488567607
820.5 2766.3676989465735
821.0 2746.4648848454694
821.5 2726.533039453287
822.0 2706.574595669866
822.5 2686.5919863950458
823.0 2666.587644528665
823.5 2646.564002970563
824.0 2626.523494620578
824.5 2606.4685523785492
825.0 2586.401609144317
825.5 2566.32509781772
826.0 2546.2414512985965
826.5 2526.153102486786
827.0 2506.062484282128
827.5 2485.9720295844613
828.0 2465.8841712936255
828.5 2445.801342309458
829.0 2425.7259755318
829.5 2405.6605038604894
830.0 2385.6073601953653
830.5 2365.5689774362672
831.0 2345.5477884830343
831.5 2325.546226235505
832.0 2305.566723593519
832.5 2285.611713456916
833.0 2265.683628725533
833.5 2245.784902299211
834.0 2225.9179670777885
834.5 2206.085255961105
835.0 2186.2892018489983
835.5 2166.532237641309
836.0 2146.8167962378757
836.5 2127.145310538537
837.0 2107.520213443133
837.5 2087.9439378515017
838.0 2068.4189166634824
838.5 2048.9475827789147
839.0 2029.532369097638
839.5 2010.1757085194897
840.0 1990.880033944311
840.5 1971.6477782719392
841.0 1952.481374402215
841.5 1933.3832552349763
842.0 1914.3558536700627
842.5 1895.4016026073132
843.0 1876.522934946567
843.5 1857.722283587663
844.0 1839.00208143044
844.5 1820.3647613747382
845.0 1801.8127563203955
845.5 1783.3484991672515
846.0 1764.9744228151453
846.5 1746.692960163916
847.0 1728.5065441134025
847.5 1710.4176075634443
848.0 1692.4285834138798
848.5 1674.541904564549
849.0 1656.76000391529
849.5 1639.0853143659428
850.0 1621.5202652674334
850.5 1604.0660880072026
851.0 1586.721079653908
851.5 1569.4830962718252
852.0 1552.3499939252297
852.5 1535.3196286783975
853.0 1518.3898565956035
853.5 1501.5585337411237
854.0 1484.8235161792338
854.5 1468.182659974209
855.0 1451.6338211903249
855.5 1435.1748558918578
856.0 1418.803620143082
856.5 1402.5179700082747
857.0 1386.31576155171
857.5 1370.1948508376645
858.0 1354.1530939304132
858.5 1338.188346894232
859.0 1322.2984657933962
859.5 1306.4813066921818
860.0 1290.7347256548637
860.5 1275.0565787457183
861.0 1259.4447220290208
861.5 1243.8970115690465
862.0 1228.4113034300715
862.5 1212.9854536763714
863.0 1197.6173183722212
863.5 1182.3047535818969
864.0 1167.0456153696741
864.5 1151.8377597998283
865.0 1136.6790429366351
865.5 1121.56732084437
866.0 1106.5004495873088
866.5 1091.4762852297267
867.0 1076.4926838359
867.5 1061.547501470103
868.0 1046.6385941966128
868.5 1031.763818079704
869.0 1016.9210291836524
869.5 1002.1080835727339
870.0 987.3228373112238
870.5 972.5631464633975
871.0 957.8268670935311
871.5 943.1118552658996
872.0 928.4159670447792
872.5 913.7370584944449
873.0 899.0729856791727
873.5 884.421604663238
874.0 869.7807715109165
874.5 855.1483422864835
875.0 840.5221730542149
875.5 825.9001198783861
876.0 811.2800388232729
