Wavelength Extinction
256.0 51938.13929324016
256.5 51683.474532785884
257.0 51429.307428675376
257.5 51176.16308832676
258.0 50924.566619158184
258.5 50675.043128587764
259.0 50428.11772403367
259.5 50184.31551291401
260.0 49944.16160264693
260.5 49708.18110065057
261.0 49476.89911434305
261.5 49250.84075114253
262.0 49030.53111846713
262.5 48816.495323735006
263.0 48609.25847436427
263.5 48409.34567777308
264.0 48217.282041379556
264.5 48033.592672601844
265.0 47858.802678858076
265.5 47693.40415722366
266.0 47537.51589643237
266.5 47391.020706091476
267.0 47253.797675728536
267.5 47125.725894871095
268.0 47006.68445304669
268.5 46896.5524397829
269.0 46795.20894460726
269.5 46702.53305704734
270.0 46618.403866630666
270.5 46542.70046288481
271.0 46475.301935337324
271.5 46416.08737351576
272.0 46364.935866947664
272.5 46321.726505160594
273.0 46286.338377682114
273.5 46258.65057403975
274.0 46238.54218376107
274.5 46225.89229637363
275.0 46220.58000140498
275.5 46222.48438838266
276.0 46231.48454683425
276.5 46247.45956628729
277.0 46270.2529160363
277.5 46299.437336899384
278.0 46334.461241345256
278.5 46374.772388453915
279.0 46419.818537305364
279.5 46469.04744697957
280.0 46521.90687655657
280.5 46577.844585116305
281.0 46636.30833173881
281.5 46696.745875504064
282.0 46758.60497549206
282.5 46821.333390782784
283.0 46884.37888045624
283.5 46947.189203592425
284.0 47009.212119271324
284.5 47069.895386572935
285.0 47128.68676457725
285.5 47185.03401236426
286.0 47238.38488901396
286.5 47288.187153606355
287.0 47333.88856522143
287.5 47374.936882939175
288.0 47410.779865839584
288.5 47440.86527300265
289.0 47464.64086350838
289.5 47481.554396436746
290.0 47491.05363086776
290.5 47492.586325881406
291.0 47485.60024055769
291.5 47469.54313397658
292.0 47443.8627652181
292.5 47408.006893362224
293.0 47361.42327748896
293.5 47303.559676678284
294.0 47233.88610929721
294.5 47152.60802839651
295.0 47060.81723217264
295.5 46959.658290183776
296.0 46850.27577198815
296.5 46733.814247144
297.0 46611.41828520952
297.5 46484.23245574292
298.0 46353.40132830244
298.5 46220.069472446296
299.0 46085.38145773268
299.5 45950.48185371984
300.0 45816.515229965975
300.5 45684.6261560293
301.0 45555.95920146805
301.5 45431.65893584043
302.0 45312.86992870466
302.5 45200.736749618954
303.0 45096.40396814153
303.5 45001.01615383063
304.0 44915.71787624442
304.5 44841.65370494116
305.0 44779.96820947906
305.5 44731.80595941632
306.0 44698.311524311175
306.5 44680.61872356653
307.0 44678.7584856065
307.5 44690.71870959954
308.0 44714.26580806682
308.5 44747.1661935295
309.0 44787.18627850873
309.5 44832.09247552568
310.0 44879.65119710152
310.5 44927.62885575741
311.0 44973.791864014514
311.5 45015.906634394
312.0 45051.73957941702
312.5 45079.05711160476
313.0 45095.62564347836
313.5 45099.21158755899
314.0 45087.581356367824
314.5 45058.50136242601
315.0 45009.73801825473
315.5 44939.05773637513
316.0 44844.22692930838
316.5 44723.01200957566
317.0 44573.46742872431
317.5 44397.12027445879
318.0 44197.798456968536
318.5 43979.371041341394
319.0 43745.70709266528
319.5 43500.67567602807
320.0 43248.14585651767
320.5 42991.98669922196
321.0 42736.06726922885
321.5 42484.16183615768
322.0 42238.05606467974
322.5 41997.64801659299
323.0 41762.76117584916
323.5 41533.219026400024
324.0 41308.84505219732
324.5 41089.462737192785
325.0 40874.895565338156
325.5 40664.96702058521
326.0 40459.500586885675
326.5 40258.319748191294
327.0 40061.247988453826
327.5 39868.10879162501
328.0 39678.7256416566
328.5 39492.92202250032
329.0 39310.52141810796
329.5 39131.34731243122
330.0 38955.22318942188
330.5 38781.97253303167
331.0 38611.418827212336
331.5 38443.385555915636
332.0 38277.69620309331
332.5 38114.17425269709
333.0 37952.643188678754
333.5 37792.92649499004
334.0 37634.847655582664
334.5 37478.23015440841
335.0 37322.897475419006
335.5 37168.6731025662
336.0 37015.38051980175
336.5 36862.843211077394
337.0 36710.88466034487
337.5 36559.32835155594
338.0 36407.99776866234
338.5 36256.716395615826
339.0 36105.30771636814
339.5 35953.59521487102
340.0 35801.40237507623
340.5 35648.55268093551
341.0 35494.8696164006
341.5 35340.17666542325
342.0 35184.29731195521
342.5 35027.05503994822
343.0 34868.27341759778
343.5 34707.89736563972
344.0 34546.23551773552
344.5 34383.66436068168
345.0 34220.56038127464
345.5 34057.3000663109
346.0 33894.25990258692
346.5 33731.81637689917
347.0 33570.34597604413
347.5 33410.22518681829
348.0 33251.83049601809
348.5 33095.53839044002
349.0 32941.72535688057
349.5 32790.767882136184
350.0 32643.042453003352
350.5 32498.925556278547
351.0 32358.793678758233
351.5 32223.023307238895
352.0 32091.990928517
352.5 31966.07302938902
353.0 31845.64609665144
353.5 31731.071648169305
354.0 31622.39973333602
354.5 31519.38614233839
355.0 31421.77514177073
355.5 31329.310998227356
356.0 31241.7379783026
356.5 31158.80034859076
357.0 31080.242375686164
357.5 31005.80832618313
358.0 30935.24246667597
358.5 30868.28906375901
359.0 30804.692384026555
359.5 30744.196694072933
360.0 30686.546260492458
360.5 30631.485349879444
361.0 30578.758228828206
361.5 30528.10916393308
362.0 30479.282421788357
362.5 30432.022268988374
363.0 30386.07297212744
363.5 30341.178797799872
364.0 30297.084012599993
364.5 30253.532883122112
365.0 30210.282722625474
365.5 30167.2589448875
366.0 30124.503765703725
366.5 30082.061759597364
367.0 30039.977501091642
367.5 29998.295564709788
368.0 29957.060524975026
368.5 29916.316956410585
369.0 29876.109433539677
369.5 29836.482530885536
370.0 29797.480822971385
370.5 29759.148884320446
371.0 29721.53128945595
371.5 29684.672612901115
372.0 29648.61742917916
372.5 29613.410312813325
373.0 29579.095838326826
373.5 29545.718580242887
374.0 29513.32311308473
374.5 29481.954011375583
375.0 29451.655849638675
375.5 29422.473202397225
376.0 29394.450644174456
376.5 29367.632749493598
377.0 29342.06409287787
377.5 29317.7892488505
378.0 29294.85279193471
378.5 29273.299296653728
379.0 29253.173337530774
379.5 29234.519489089078
380.0 29217.38232585186
380.5 29201.80642234235
381.0 29187.828407072768
381.5 29175.361002685164
382.0 29164.218919734205
382.5 29154.21419090389
383.0 29145.158848878225
383.5 29136.864926341208
384.0 29129.14445597683
384.5 29121.809470469107
385.0 29114.672002502026
385.5 29107.54408475959
386.0 29100.2377499258
386.5 29092.565030684655
387.0 29084.33795972016
387.5 29075.36856971631
388.0 29065.468893357098
388.5 29054.45096332653
389.0 29042.126812308616
389.5 29028.30847298734
390.0 29012.807978046712
390.5 28995.43736017073
391.0 28976.00865204339
391.5 28954.333886348693
392.0 28930.225095770646
392.5 28903.494312993233
393.0 28873.953570700476
393.5 28841.414901576354
394.0 28805.690338304878
394.5 28766.59191357005
395.0 28723.931660055856
395.5 28677.52161044631
396.0 28627.200976014847
396.5 28572.994638173182
397.0 28515.005100730777
397.5 28453.335128533596
398.0 28388.087486427594
398.5 28319.36493925871
399.0 28247.27025187291
399.5 28171.906189116144
400.0 28093.375515834367
400.5 28011.780996873524
401.0 27927.225397079572
401.5 27839.811481298475
402.0 27749.64201437617
402.5 27656.81976115863
403.0 27561.447486491783
403.5 27463.627955221604
404.0 27363.463932194038
404.5 27261.058182255034
405.0 27156.513470250553
405.5 27049.932561026544
406.0 26941.418219428964
406.5 26831.073210303763
407.0 26719.000298496892
407.5 26605.302248854307
408.0 26490.081826221965
408.5 26373.441795445815
409.0 26255.48492137181
409.5 26136.313968845912
410.0 26016.031702714055
410.5 25894.740887822212
411.0 25772.544289016332
411.5 25649.544671142354
412.0 25525.844799046252
412.5 25401.547437573965
413.0 25276.755351571457
413.5 25151.571305884667
414.0 25026.097867544497
414.5 24900.40642400766
415.0 24774.503457267456
415.5 24648.387346822783
416.0 24522.056472172535
416.5 24395.50921281561
417.0 24268.743948250907
417.5 24141.759057977317
418.0 24014.552921493745
418.5 23887.123918299087
419.0 23759.470427892236
419.5 23631.590829772096
420.0 23503.483503437554
420.5 23375.146828387522
421.0 23246.579184120885
421.5 23117.77895013654
422.0 22988.744505933395
422.5 22859.474231010332
423.0 22729.966504866272
423.5 22600.219707000084
424.0 22470.232216910685
424.5 22340.00241409696
425.0 22209.52867805782
425.5 22078.809388292153
426.0 21947.842924298853
426.5 21816.627665576823
427.0 21685.161991624966
427.5 21553.444281942167
428.0 21421.47291602733
428.5 21289.246273379355
429.0 21156.762733497133
429.5 21024.02067587956
430.0 20891.01848002554
430.5 20757.754525433975
431.0 20624.227191603746
431.5 20490.43485803376
432.0 20356.37590422292
432.5 20222.04870967011
433.0 20087.45165387424
433.5 19952.583116334194
434.0 19817.44147654888
434.5 19682.025114017197
435.0 19546.332408238035
435.5 19410.36173871029
436.0 19274.125894889152
436.5 19137.751878603667
437.0 19001.421064363774
437.5 18865.315159235008
438.0 18729.615870282913
438.5 18594.504904573027
439.0 18460.1639691709
439.5 18326.774771142056
440.0 18194.51901755205
440.5 18063.578415466414
441.0 17934.134671950695
441.5 17806.369494070434
442.0 17680.464588891165
442.5 17556.601663478432
443.0 17434.962424897774
443.5 17315.72858021473
444.0 17199.081836494854
444.5 17085.20390080367
445.0 16974.276480206725
445.5 16866.48128176956
446.0 16762.00001255772
446.5 16661.014379636734
447.0 16563.70609007215
447.5 16470.25685092951
448.0 16380.848369274354
448.5 16295.662352172221
449.0 16214.880506688649
449.5 16138.684539889186
450.0 16067.256158839366
450.5 16000.77707060473
451.0 15939.428982250822
451.5 15883.39360084318
452.0 15832.852633447346
452.5 15787.98778712886
453.0 15748.975077389367
453.5 15715.838100406922
454.0 15688.435026883732
454.5 15666.615729258772
455.0 15650.230079971016
455.5 15639.127951459433
456.0 15633.159216162996
456.5 15632.17374652068
457.0 15636.021414971457
457.5 15644.552093954295
458.0 15657.615655908176
458.5 15675.061973272064
459.0 15696.740918484937
459.5 15722.502363985763
460.0 15752.19618221352
460.5 15785.672245607175
461.0 15822.780426605705
461.5 15863.370597648081
462.0 15907.292631173277
462.5 15954.396399620264
463.0 16004.531775428013
463.5 16057.5486310355
464.0 16113.2968388817
464.5 16171.626271405577
465.0 16232.386801046112
465.5 16295.42830024227
466.0 16360.600641433033
466.5 16427.753697057367
467.0 16496.737339554245
467.5 16567.401441362643
468.0 16639.59587492153
468.5 16713.17051266988
469.0 16787.975227046667
469.5 16863.859890490865
470.0 16940.67437544144
470.5 17018.268554337366
471.0 17096.49229961763
471.5 17175.19548372118
472.0 17254.22797908701
472.5 17333.441240216132
473.0 17412.719929007166
473.5 17491.98023863252
474.0 17571.139608819984
474.5 17650.115479297343
475.0 17728.825289792392
475.5 17807.186480032917
476.0 17885.1164897467
476.5 17962.532758661535
477.0 18039.352726505207
477.5 18115.493833005505
478.0 18190.873517890217
478.5 18265.40922088713
479.0 18339.018381724032
479.5 18411.61844012871
480.0 18483.126835828953
480.5 18553.461008552553
481.0 18622.538398027285
481.5 18690.276443980954
482.0 18756.592586141338
482.5 18821.404264236226
483.0 18884.6289179934
483.5 18946.183987140656
484.0 19005.986911405784
484.5 19063.955130516562
485.0 19120.006084200788
485.5 19174.05721218625
486.0 19226.025954200722
486.5 19275.829749972003
487.0 19323.386039227884
487.5 19368.620905582768
488.0 19411.542158880762
488.5 19452.20260954917
489.0 19490.655536509774
489.5 19526.954218684332
490.0 19561.15193499462
490.5 19593.301964362417
491.0 19623.45758570949
491.5 19651.67207795761
492.0 19677.998720028554
492.5 19702.490790844087
493.0 19725.201569325993
493.5 19746.184334396028
494.0 19765.49236497598
494.5 19783.17893998761
495.0 19799.2973383527
495.5 19813.900838993013
496.0 19827.04272083033
496.5 19838.776262786414
497.0 19849.15474378305
497.5 19858.23144274199
498.0 19866.059638585026
498.5 19872.692610233924
499.0 19878.183636610454
499.5 19882.58599663639
500.0 19885.952969233498
500.5 19888.337833323567
501.0 19889.793867828354
501.5 19890.374351669634
502.0 19890.132563769177
502.5 19889.121783048766
503.0 19887.395288430165
503.5 19885.006358835148
504.0 19882.008273185485
504.5 19878.454310402954
505.0 19874.397749409323
505.5 19869.89186912636
506.0 19864.989948475846
506.5 19859.745266379552
507.0 19854.211101759243
507.5 19848.4407335367
508.0 19842.487440633693
508.5 19836.404501971992
509.0 19830.24512569836
509.5 19824.048993972177
510.0 19817.826306258263
510.5 19811.583378440624
511.0 19805.326526403278
511.5 19799.062066030223
512.0 19792.796313205487
512.5 19786.535583813074
513.0 19780.286193736996
513.5 19774.054458861272
514.0 19767.846695069904
514.5 19761.66921824692
515.0 19755.528344276314
515.5 19749.430389042107
516.0 19743.381668428316
516.5 19737.388498318942
517.0 19731.457194598002
517.5 19725.594073149517
518.0 19719.80544985749
518.5 19714.09764060593
519.0 19708.476961278862
519.5 19702.949727760286
520.0 19697.522255934226
520.5 19692.200861684676
521.0 19686.99186089567
521.5 19681.901569451205
522.0 19676.9363032353
522.5 19672.10237813196
523.0 19667.40611002521
523.5 19662.853814799055
524.0 19658.451808337504
524.5 19654.206406524576
525.0 19650.123925244276
525.5 19646.210680380627
526.0 19642.47298781763
526.5 19638.917163439302
527.0 19635.549523129655
527.5 19632.3763827727
528.0 19629.404058252458
528.5 19626.63886545293
529.0 19624.087120258126
529.5 19621.75513855207
530.0 19619.64923621877
530.5 19617.775729142235
531.0 19616.140933206487
531.5 19614.751164295518
532.0 19613.61273829336
532.5 19612.73197108402
533.0 19612.115178551507
533.5 19611.76867657983
534.0 19611.69878105301
534.5 19611.911807855056
535.0 19612.414072869982
535.5 19613.211891981795
536.0 19614.311581074508
536.5 19615.71945603214
537.0 19617.4418327387
537.5 19619.485027078194
538.0 19621.855354934647
538.5 19624.559132192055
539.0 19627.602674734444
539.5 19630.99229844582
540.0 19634.734319210198
540.5 19638.835052911585
541.0 19643.300815434002
541.5 19648.13792266145
542.0 19653.352690477957
542.5 19658.95143476752
543.0 19664.940471414156
543.5 19671.326116301887
544.0 19678.114685314707
544.5 19685.312494336642
545.0 19692.925859251704
545.5 19700.961095943898
546.0 19709.424520297238
546.5 19718.322448195744
547.0 19727.66119552342
547.5 19737.447078164278
548.0 19747.68641200234
548.5 19758.385512921603
549.0 19769.550696806094
549.5 19781.18827953982
550.0 19793.304577006784
550.5 19805.90544594448
551.0 19818.9929530613
551.5 19832.56729770469
552.0 19846.628666130622
552.5 19861.177244595063
553.0 19876.213219353995
553.5 19891.736776663376
554.0 19907.74810277918
554.5 19924.247383957383
555.0 19941.234806453947
555.5 19958.71055652485
556.0 19976.674820426044
556.5 19995.127784413522
557.0 20014.069634743242
557.5 20033.500557671177
558.0 20053.420739453297
558.5 20073.83036634557
559.0 20094.729624603966
559.5 20116.11870048446
560.0 20137.997780243015
560.5 20160.36705013561
561.0 20183.226696418205
561.5 20206.576905346774
562.0 20230.417863177292
562.5 20254.74975616573
563.0 20279.572770568044
563.5 20304.887092640216
564.0 20330.692908638215
564.5 20356.990404818007
565.0 20383.779767435568
565.5 20411.06118274686
566.0 20438.834837007864
566.5 20467.10091647454
567.0 20495.85960740286
567.5 20525.1110960488
568.0 20554.855568668325
568.5 20585.09321151741
569.0 20615.824210852013
569.5 20647.048752928116
570.0 20678.76702400169
570.5 20710.979210328696
571.0 20743.68549816511
571.5 20776.8860737669
572.0 20810.581123390035
572.5 20844.77083329049
573.0 20879.45538972423
573.5 20914.634978947226
574.0 20950.309787215454
574.5 20986.480000784875
575.0 21023.145805911463
575.5 21060.307388851194
576.0 21097.96493586003
576.5 21136.11863319394
577.0 21174.7686671089
577.5 21213.91522386088
578.0 21253.558489705847
578.5 21293.69865089977
579.0 21334.33613478609
579.5 21375.477000576862
580.0 21417.132988033496
580.5 21459.316087741227
581.0 21502.038290285283
581.5 21545.31158625089
582.0 21589.14796622328
582.5 21633.559420787686
583.0 21678.55794052934
583.5 21724.155516033472
584.0 21770.364137885314
584.5 21817.195796670097
585.0 21864.66248297305
585.5 21912.776187379408
586.0 21961.548900474398
586.5 22010.992612843253
587.0 22061.119315071206
587.5 22111.940997743488
588.0 22163.46965144532
588.5 22215.717266761945
589.0 22268.69583427859
589.5 22322.417344580488
590.0 22376.89378825287
590.5 22432.137155880966
591.0 22488.159438050003
591.5 22544.972625345217
592.0 22602.58870835184
592.5 22661.019677655102
593.0 22720.27752384023
593.5 22780.37423749246
594.0 22841.32180919702
594.5 22903.132229539147
595.0 22965.81748910406
595.5 23029.389578477
596.0 23093.8604882432
596.5 23159.242208987886
597.0 23225.54673129629
597.5 23292.786045753644
598.0 23360.97214294517
598.5 23430.117013456118
599.0 23500.232647871704
599.5 23571.331036777166
600.0 23643.42417075773
600.5 23716.524040398628
601.0 23790.642636285098
601.5 23865.791949002363
602.0 23941.983969135657
602.5 24019.230687270214
603.0 24097.54409399126
603.5 24176.93617988403
604.0 24257.41893553375
604.5 24339.004351525662
605.0 24421.704418444984
605.5 24505.53112687695
606.0 24590.496467406796
606.5 24676.612430619756
607.0 24763.891007101054
607.5 24852.34418743592
608.0 24941.983962209597
608.5 25032.822322007294
609.0 25124.871257414266
609.5 25218.14275901573
610.0 25312.648817396923
610.5 25408.40142314307
611.0 25505.412566839408
611.5 25603.694239071167
612.0 25703.258430423575
612.5 25804.11713148187
613.0 25906.282332831273
613.5 26009.766025057022
614.0 26114.580198744352
614.5 26220.736844478484
615.0 26328.247952844653
615.5 26437.12551442809
616.0 26547.381519814033
616.5 26659.027959587704
617.0 26772.076824334337
617.5 26886.540104639167
618.0 27002.4291573066
618.5 27119.74461842947
619.0 27238.478188721485
619.5 27358.621295900233
620.0 27480.165367683327
620.5 27603.101831788368
621.0 27727.422115932965
621.5 27853.11764783472
622.0 27980.179855211234
622.5 28108.600165780113
623.0 28238.370007258967
623.5 28369.48080736539
624.0 28501.923993817
624.5 28635.69099433139
625.0 28770.773236626166
625.5 28907.162148418938
626.0 29044.849157427307
626.5 29183.82569136888
627.0 29324.083177961253
627.5 29465.613044922036
628.0 29608.406719968836
628.5 29752.455630819255
629.0 29897.751205190896
629.5 30044.284870801366
630.0 30192.04805536827
630.5 30341.03218660921
631.0 30491.228692241788
631.5 30642.62899998361
632.0 30795.224537552287
632.5 30949.006732665417
633.0 31103.967013040605
633.5 31260.096806395457
634.0 31417.38754044757
634.5 31575.830642914563
635.0 31735.417541514027
635.5 31896.139663963575
636.0 32057.988437980803
636.5 32220.955291283328
637.0 32385.03165158874
637.5 32550.20894661465
638.0 32716.478604078668
638.5 32883.83205169839
639.0 33052.26071719142
639.5 33221.75602827536
640.0 33392.30941266783
640.5 33563.91229808643
641.0 33736.55611224875
641.5 33910.2322828724
642.0 34084.932237675
642.5 34260.647404374125
643.0 34437.36921068741
643.5 34615.089084332445
644.0 34793.79845302682
644.5 34973.488744488175
645.0 35154.151386434074
645.5 35335.77780658216
646.0 35518.35943265001
646.5 35701.88769235524
647.0 35886.35401341545
647.5 36071.74982354825
648.0 36258.06655047123
648.5 36445.29562190201
649.0 36633.42846555819
649.5 36822.456509157375
650.0 37012.37118041716
650.5 37203.16390705517
651.0 37394.82611678898
651.5 37587.34923733623
652.0 37780.724696414494
652.5 37974.94392174139
653.0 38169.998341034516
653.5 38365.879382011495
654.0 38562.5784723899
654.5 38760.08702966489
655.0 38958.392080550664
655.5 39157.46943635487
656.0 39357.293143378985
656.5 39557.83724792451
657.0 39759.0757962929
657.5 39960.982834785675
658.0 40163.5324097043
658.5 40366.698567350264
659.0 40570.45535402505
659.5 40774.77681603013
660.0 40979.63699966701
660.5 41185.00995123717
661.0 41390.869717042086
661.5 41597.190343383234
662.0 41803.94587656214
662.5 42011.110362880245
663.0 42218.65784863905
663.5 42426.562380140036
664.0 42634.79800368469
664.5 42843.3387655745
665.0 43052.158712110955
665.5 43261.23188959553
666.0 43470.5323443297
666.5 43680.03412261497
667.0 43889.71127075283
667.5 44099.537835044735
668.0 44309.487861792186
668.5 44519.53539729667
669.0 44729.654487859676
669.5 44939.81917978267
670.0 45150.00351936715
670.5 45360.181552914604
671.0 45570.32732672651
671.5 45780.414887104365
672.0 45990.41828034964
672.5 46200.31155276381
673.0 46410.068750648374
673.5 46619.663920304825
674.0 46829.07110803464
674.5 47038.264360139285
675.0 47247.21772292027
675.5 47455.90524267907
676.0 47664.30096571718
676.5 47872.37893833607
677.0 48080.113206837224
677.5 48287.477817522136
678.0 48494.44681669229
678.5 48700.994250649164
679.0 48907.094165694245
679.5 49112.72060812902
680.0 49317.84762425498
680.5 49522.4492603736
681.0 49726.49956278636
681.5 49929.972577794746
682.0 50132.84235170026
682.5 50335.082930804376
683.0 50536.66836140858
683.5 50737.57268981434
684.0 50937.76996232317
684.5 51137.23527568415
685.0 51335.971767124436
685.5 51534.01295606006
686.0 51731.39388164155
686.5 51928.14958301939
687.0 52124.31509934412
687.5 52319.92546976625
688.0 52515.01573343629
688.5 52709.620929504745
689.0 52903.77609712214
689.5 53097.51627543899
690.0 53290.8765036058
690.5 53483.8918207731
691.0 53676.59726609139
691.5 53869.02787871118
692.0 54061.218697783006
692.5 54253.20476245736
693.0 54445.021111884766
693.5 54636.70278521574
694.0 54828.28482160079
694.5 55019.80226019043
695.0 55211.29014013518
695.5 55402.783500585545
696.0 55594.31738069206
696.5 55785.92681960521
697.0 55977.646856475534
697.5 56169.51253045353
698.0 56361.55888068973
698.5 56553.82094633463
699.0 56746.33376653874
699.5 56939.13238045259
700.0 57132.25182722668
700.5 57325.727146011544
701.0 57519.59337595768
701.5 57713.8855562156
702.0 57908.63872593583
702.5 58103.887924268885
703.0 58299.668190365264
703.5 58496.014563375495
704.0 58692.96208245008
704.5 58890.545786739545
705.0 59088.800715394405
705.5 59287.76190756516
706.0 59487.46440240234
706.5 59687.94323905645
707.0 59889.23345667799
707.5 60091.37009441751
708.0 60294.38819142549
708.5 60498.32278685246
709.0 60703.20891984894
709.5 60909.08162956543
710.0 61115.975955152455
710.5 61323.926935760515
711.0 61532.969610540145
711.5 61743.139018641836
712.0 61954.47019921612
712.5 62166.9981914135
713.0 62380.7580343845
713.5 62595.78476727963
714.0 62812.113429249395
714.5 63029.77905944433
715.0 63248.816697014925
715.5 63469.261381111704
716.0 63691.148150885194
716.5 63914.511914311865
717.0 64139.35986338208
717.5 64365.63739762399
718.0 64593.28156269756
718.5 64822.229404262755
719.0 65052.417967979556
719.5 65283.78429950792
720.0 65516.265444507815
720.5 65749.79844863922
721.0 65984.32035756212
721.5 66219.76821693644
722.0 66456.0790724222
722.5 66693.18996967933
723.0 66931.03795436783
723.5 67169.56007214765
724.0 67408.69336867875
724.5 67648.37488962112
725.0 67888.54168063473
725.5 68129.13078737954
726.0 68370.07925551552
726.5 68611.32413070266
727.0 68852.8024586009
727.5 69094.45128487021
728.0 69336.2076551706
728.5 69578.00861516199
729.0 69819.79121050437
729.5 70061.49248685772
730.0 70303.04948988199
730.5 70544.39926523715
731.0 70785.47885858321
731.5 71026.22531558009
732.0 71266.57568188777
732.5 71506.46700316625
733.0 71745.83632507545
733.5 71984.62069327537
734.0 72222.757153426
734.5 72460.18275118727
735.0 72696.83453221917
735.5 72932.64954218168
736.0 73167.56482673473
736.5 73401.51743153833
737.0 73634.44440225241
737.5 73866.28278453698
738.0 74096.96962405201
738.5 74326.44196645744
739.0 74554.63685741324
739.5 74781.49134257941
740.0 75006.94246761588
740.5 75230.92727818266
741.0 75453.3828199397
741.5 75674.24613854695
742.0 75893.45427966442
742.5 76110.94428895206
743.0 76326.65321206982
743.5 76540.51809467773
744.0 76752.47598243567
744.5 76962.46392100368
745.0 77170.41895604171
745.5 77376.28451933125
746.0 77580.05191695847
746.5 77781.73418016982
747.0 77981.34444855961
747.5 78178.89586172212
748.0 78374.40155925162
748.5 78567.87468074246
749.0 78759.32836578891
749.5 78948.77575398526
750.0 79136.22998492583
750.5 79321.70419820491
751.0 79505.21153341679
751.5 79686.76513015576
752.0 79866.37812801612
752.5 80044.06366659218
753.0 80219.83488547824
753.5 80393.70492426856
754.0 80565.68692255748
754.5 80735.79401993929
755.0 80904.03935600827
755.5 81070.43607035872
756.0 81234.99730258495
756.5 81397.73619228123
757.0 81558.66587904187
757.5 81717.79950246119
758.0 81875.15020213347
758.5 82030.73111765299
759.0 82184.55538861408
759.5 82336.636154611
760.0 82486.98655523808
760.5 82635.6197300896
761.0 82782.54881875985
761.5 82927.78696084318
762.0 83071.3472959338
762.5 83213.24296362606
763.0 83353.48710351424
763.5 83492.09285519266
764.0 83629.07335825558
764.5 83764.44175229734
765.0 83898.21117691223
765.5 84030.39477169451
766.0 84161.0056762385
766.5 84290.0570301385
767.0 84417.56201517073
767.5 84543.5425412137
768.0 84668.03988741172
768.5 84791.0979376114
769.0 84912.76057565947
769.5 85033.07168540254
770.0 85152.07515068732
770.5 85269.81485536047
771.0 85386.33468326868
771.5 85501.67851825859
772.0 85615.89024417686
772.5 85729.0137448702
773.0 85841.09290418528
773.5 85952.17160596872
774.0 86062.29373406722
774.5 86171.50317232747
775.0 86279.84380459611
775.5 86387.35951471984
776.0 86494.0941865453
776.5 86600.09170391918
777.0 86705.39595068815
777.5 86810.05081069887
778.0 86914.10016779801
778.5 87017.58790583223
779.0 87120.55790864823
779.5 87223.05406009268
780.0 87325.12024401221
780.5 87426.80034425353
781.0 87528.13824466329
781.5 87629.17782908816
782.0 87729.96298137483
782.5 87830.53758536995
783.0 87930.94552492019
783.5 88031.23068387224
784.0 88131.43694607276
784.5 88231.60819536842
785.0 88331.78831560587
785.5 88432.02119063181
786.0 88532.3507042929
786.5 88632.82074043581
787.0 88733.4751829072
787.5 88834.35791555374
788.0 88935.51282222214
788.5 89036.98378675904
789.0 89138.81469301108
789.5 89241.04942482496
790.0 89343.73186604737
790.5 89446.90590052497
791.0 89550.61541210441
791.5 89654.90428463237
792.0 89759.81640195553
792.5 89865.39564792054
793.0 89971.6859063741
793.5 90078.73106116283
794.0 90186.57499613345
794.5 90295.26159513264
795.0 90404.83474200702
795.5 90515.33832060327
796.0 90626.8162147681
796.5 90739.31230834815
797.0 90852.8704851901
797.5 90967.5346291406
798.0 91083.34900048826
798.5 91200.3885450186
799.0 91318.78112560103
799.5 91438.65984610005
800.0 91560.15781038017
800.5 91683.40812230586
801.0 91808.54388574164
801.5 91935.69820455201
802.0 92065.00418260146
802.5 92196.59492375447
803.0 92330.60353187556
803.5 92467.16311082922
804.0 92606.40676447994
804.5 92748.46759669224
805.0 92893.4787113306
805.5 93041.5732122595
806.0 93192.88420334349
806.5 93347.54478844702
807.0 93505.6880714346
807.5 93667.44715617073
808.0 93832.9551465199
808.5 94002.34514634663
809.0 94175.75025951542
809.5 94353.30358989071
810.0 94535.13824133706
810.5 94721.38731771894
811.0 94912.18392290086
811.5 95107.6611607473
812.0 95307.95213512276
812.5 95513.18994989176
813.0 95723.50770891878
813.5 95939.03851606832
814.0 96159.91547520488
814.5 96386.27169019294
815.0 96618.24026489703
815.5 96855.95430318163
816.0 97099.54690891122
816.5 97349.13495226462
817.0 97604.57413736751
817.5 97865.50935259904
818.0 98131.57946773349
818.5 98402.42335254524
819.0 98677.67987680859
819.5 98956.9879102979
820.0 99239.9863227875
820.5 99526.31398405175
821.0 99815.60976386494
821.5 100107.51253200143
822.0 100401.66115823557
822.5 100697.69451234168
823.0 100995.25146409411
823.5 101293.97088326717
824.0 101593.49163963522
824.5 101893.45260297258
825.0 102193.49264305361
825.5 102493.25062965263
826.0 102792.36543254396
826.5 103090.47592150197
827.0 103387.22096630097
827.5 103682.23943671532
828.0 103975.17020251934
828.5 104265.65213348737
829.0 104553.32409939374
829.5 104837.8249700128
830.0 105118.79361511886
830.5 105395.86890448628
831.0 105668.68970788941
831.5 105936.89489510255
832.0 106200.12333590008
832.5 106458.01390005628
833.0 106710.20545734552
833.5 106956.33687754215
834.0 107196.0470304205
834.5 107428.97478575486
835.0 107654.75901331962
835.5 107873.0385828891
836.0 108083.45236423763
836.5 108285.63922713956
837.0 108479.2380413692
837.5 108663.88767670092
838.0 108839.22700290903
838.5 109004.8948897679
839.0 109160.53020705182
839.5 109305.77182453516
840.0 109440.25861199223
840.5 109563.65333479467
841.0 109676.9006770507
841.5 109782.84959609385
842.0 109884.50355917017
842.5 109984.86603352582
843.0 110086.9404864068
843.5 110193.73038505924
844.0 110308.23919672919
844.5 110433.47038866274
845.0 110572.42742810598
845.5 110728.11378230498
846.0 110903.53291850582
846.5 111101.6883039546
847.0 111325.58340589736
847.5 111578.22169158021
848.0 111862.60662824922
848.5 112181.69929267585
849.0 112534.88093752558
849.5 112915.28829558162
850.0 113315.43048553489
850.5 113727.81662607637
851.0 114144.95583589697
851.5 114559.35723368768
852.0 114963.52993813943
852.5 115349.98306794316
853.0 115711.22596377364
853.5 116040.1876167797
854.0 116331.08891987853
854.5 116578.3985682097
855.0 116776.5852569128
855.5 116920.11768112738
856.0 117003.464535993
856.5 117021.09451664923
857.0 116967.47631823565
857.5 116837.07863589186
858.0 116624.37016475736
858.5 116323.81959997174
859.0 115930.52781037889
859.5 115447.96157023404
860.0 114885.51072188938
860.5 114252.69037837134
861.0 113559.01620907057
861.5 112815.32340202726
862.0 112036.59276334033
862.5 111238.61713573562
863.0 110437.18936193896
863.5 109648.10228467619
864.0 108887.14874667313
864.5 108170.12159065563
865.0 107512.8136593495
865.5 106931.01779548058
866.0 106436.32962117644
866.5 106023.41867571569
867.0 105682.68839771242
867.5 105404.54222569619
868.0 105179.3835981966
868.5 104997.61595374317
869.0 104849.6427308655
869.5 104725.86736809312
870.0 104616.69330395566
870.5 104512.52397698264
871.0 104403.76282570363
871.5 104281.1328719748
872.0 104140.61636942458
872.5 103982.50305231518
873.0 103807.2095068106
873.5 103615.15231907491
874.0 103406.7480752722
874.5 103182.41336156652
875.0 102942.56476412191
875.5 102687.61886910244
876.0 102417.99226267218
876.5 102134.10153099519
877.0 101836.3632602355
877.5 101525.19403655721
878.0 101201.01044612436
878.5 100864.22907510099
879.0 100515.2665096512
879.5 100154.53933593903
880.0 99782.46414012852
880.5 99399.45750838377
881.0 99005.9360268688
881.5 98602.3162817477
882.0 98189.01485918454
882.5 97766.44834534332
883.0 97334.99239636045
883.5 96894.66911952147
884.0 96445.31971771563
884.5 95986.78393231543
885.0 95518.9015046934
885.5 95041.51217622202
886.0 94554.45568827384
886.5 94057.5717822213
887.0 93550.700199437
887.5 93033.68068129338
888.0 92506.35296916295
888.5 91968.55680441826
889.0 91420.13192843177
889.5 90860.91808257604
890.0 90290.75500822352
890.5 89709.48244674678
891.0 89116.94013951826
891.5 88512.96782791053
892.0 87897.40525329606
892.5 87270.09215704739
893.0 86630.868280537
893.5 85979.5733651374
894.0 85316.04715222112
894.5 84640.25182445586
895.0 83952.64985001652
895.5 83253.83145478566
896.0 82544.38686469033
896.5 81824.9063056576
897.0 81095.98000361446
897.5 80358.19818448798
898.0 79612.15107420522
898.5 78858.42889869318
899.0 78097.6218838789
899.5 77330.32025568948
900.0 76557.1142400519
900.5 75778.59406289323
901.0 74995.3499501405
901.5 74207.97212772076
902.0 73417.05082156103
902.5 72623.17625758839
903.0 71826.93866172987
903.5 71028.92825991249
904.0 70229.7352780633
904.5 69429.94994210935
905.0 68630.16247797766
905.5 67830.96311159528
906.0 67032.94206888929
906.5 66236.68957578666
907.0 65442.79585821448
907.5 64651.851142099804
908.0 63864.44565336963
908.5 63081.16961795101
909.0 62302.60150383742
909.5 61529.02374457797
910.0 60760.40777618216
910.5 59996.71028182565
911.0 59237.8879446841
911.5 58483.89744793317
912.0 57734.69547474853
912.5 56990.238708305835
913.0 56250.483831780744
913.5 55515.38752834893
914.0 54784.90648118606
914.5 54058.99737346777
915.0 53337.61688836976
915.5 52620.721709067664
916.0 51908.26851873716
916.5 51200.21400055391
917.0 50496.51483769356
917.5 49797.1277133318
918.0 49102.009310644265
918.5 48411.11631280665
919.0 47724.40540299457
919.5 47041.83326438374
920.0 46363.35658014978
920.5 45688.93203346839
921.0 45018.5163075152
921.5 44352.0660854659
922.0 43689.538050496136
922.5 43030.88888578157
923.0 42376.075274497874
923.5 41725.053899820705
924.0 41077.78144492573
924.5 40434.2145929886
925.0 39794.310027185
925.5 39158.024430690566
926.0 38525.31448668098
926.5 37896.1368783319
927.0 37270.44828881898
927.5 36648.20540131789
928.0 36029.36489900431
928.5 35413.88346505388
929.0 34801.717782642256
929.5 34192.82453494512
930.0 33587.16040513812
930.5 32984.682076396944
931.0 32385.346231897223
931.5 31789.10955577082
932.0 31195.958001898827
932.5 30605.983573632093
933.0 30019.30228465349
933.5 29436.03014864587
934.0 28856.283179292106
934.5 28280.177390275043
935.0 27707.82879527755
935.5 27139.353407982482
936.0 26574.867242072705
936.5 26014.486311231074
937.0 25458.326629140458
937.5 24906.504209483708
938.0 24359.135065943687
938.5 23816.33521220326
939.0 23278.220661945274
939.5 22744.90742885261
940.0 22216.511526608112
940.5 21693.148968894642
941.0 21174.93576939507
941.5 20661.987941792246
942.0 20154.421499769036
942.5 19652.3524570083
943.0 19155.896827192893
943.5 18665.17062400568
944.0 18180.289861129528
944.5 17701.370552247277
945.0 17228.528711041807
945.5 16761.880351195974
946.0 16301.54148639263
946.5 15847.628130314644
947.0 15400.256296644877
947.5 14959.54199906618
948.0 14525.601251261422
948.5 14098.550066913456
949.0 13678.504459705151
949.5 13265.58044331936
950.0 12859.89403143895
950.5 12461.561237746773
951.0 12070.698075925699
951.5 11687.420559658578
952.0 11311.84470262828
952.5 10944.086518517655
953.0 10584.262021009576
953.5 10232.48722378689
954.0 9888.878140532468
954.5 9553.550784929163
955.0 9226.62117065984
955.5 8908.205311407357
956.0 8598.419220854577
956.5 8297.378912684355
957.0 8005.200400579557
957.5 7721.999698223039
958.0 7447.877937936758
958.5 7182.744094830089
959.0 6926.373421452249
959.5 6678.538459607749
960.0 6439.011751101099
960.5 6207.5658377368145
961.0 5983.973261319405
961.5 5768.006563653382
962.0 5559.438286543259
962.5 5358.040971793546
963.0 5163.587161208756
963.5 4975.8493965934
964.0 4794.600219751991
964.5 4619.612172489042
965.0 4450.657796609062
965.5 4287.509633916563
966.0 4129.940226216059
966.5 3977.7221153120613
967.0 3830.6278430090806
967.5 3688.429951111629
968.0 3550.9009814242195
968.5 3417.8134757513635
969.0 3288.939975897572
969.5 3164.0530236673576
970.0 3042.9251608652316
970.5 2925.332405627821
971.0 2811.130550596739
971.5 2700.2550624183523
972.0 2592.644863971086
972.5 2488.238878133367
973.0 2386.9760277836203
973.5 2288.795235800271
974.0 2193.635425061744
974.5 2101.4355184464657
975.0 2012.1344388328605
975.5 1925.671109099355
976.0 1841.984452124374
976.5 1761.013390786343
977.0 1682.6968479636869
977.5 1606.9737465348321
978.0 1533.7830093782036
978.5 1463.0635593722263
979.0 1394.7543193953265
979.5 1328.794212325929
980.0 1265.12216104246
980.5 1203.6770884233435
981.0 1144.3979173470061
981.5 1087.223570691873
982.0 1032.0929713363694
982.5 978.9450421589206
983.0 927.7187060379529
983.5 878.3528858518905
984.0 830.7865044791597
984.5 784.9584847981859
985.0 740.8077496873939
985.5 698.2732220252094
986.0 657.2938246900584
986.5 617.8084805603653
987.0 579.7561125145562
987.5 543.0756434310566
988.0 507.70599618829175
988.5 473.5860936646867
989.0 440.6548587386675
989.5 408.851214288659
990.0 378.1146401784001
990.5 348.39298976732846
991.0 319.6405825308653
991.5 291.8119054453419
992.0 264.8614454870896
992.5 238.7436896324396
993.0 213.41312485772323
993.5 188.8242381392717
994.0 164.9315164534163
994.5 141.68944677648832
995.0 119.05251608481898
995.5 96.97521135473956
996.0 75.41201956258138
996.5 54.31742768467559
997.0 33.645922697353555
997.5 13.35199157694657
998.0 -6.60987870021421
998.5 -26.285201157797466
999.0 -45.71948881947191
999.5 -64.95825470890628
1000.0 -84.04701184976922
1000.5 -103.03127326572967
1001.0 -121.95655198045627
1001.5 -140.8683610176177
1002.0 -159.81221340088274
