Wavelength Extinction
256.0 52308.209141699976
256.5 52272.25648972819
257.0 52236.33040679862
257.5 52200.37572881741
258.0 52164.33729169074
258.5 52128.159931324764
259.0 52091.788483625634
259.5 52055.16778449952
260.0 52018.24266985257
260.5 51980.95797559095
261.0 51943.25853762082
261.5 51905.08919184833
262.0 51866.39477417966
262.5 51827.12012052095
263.0 51787.21006677837
263.5 51746.60944884709
264.0 51705.11310534401
264.5 51661.92339839237
265.0 51616.09642568911
265.5 51566.68828493116
266.0 51512.75507381543
266.5 51453.35289003888
267.0 51387.537831298425
267.5 51314.36599529098
268.0 51232.89347971349
268.5 51142.17638226288
269.0 51041.270800636084
269.5 50929.232832530026
270.0 50805.11857564163
270.5 50668.028486869385
271.0 50518.16220219401
271.5 50356.864253930566
272.0 50185.53268180614
272.5 50005.565525547805
273.0 49818.36082488266
273.5 49625.316619537785
274.0 49427.83094924026
274.5 49227.30185371718
275.0 49025.127372695606
275.5 48822.70554590265
276.0 48621.43441306538
276.5 48422.712013910874
277.0 48227.93638816623
277.5 48037.94785240061
278.0 47850.975331971415
278.5 47664.48409423389
279.0 47475.93931217779
279.5 47282.80615879286
280.0 47082.54980706885
280.5 46872.63542999549
281.0 46650.52820056256
281.5 46413.693291759795
282.0 46159.59587657693
282.5 45885.70112800373
283.0 45589.474219029944
283.5 45268.3803226453
284.0 44919.884611839574
284.5 44541.45225960249
285.0 44130.55567819857
285.5 43688.37541939023
286.0 43225.83474712707
286.5 42755.43783013563
287.0 42289.68883714246
287.5 41841.091936874094
288.0 41422.1512980571
288.5 41045.204764225484
289.0 40713.96119249256
289.5 40419.47815689374
290.0 40151.80534238007
290.5 39900.99243390257
291.0 39657.08911641227
291.5 39410.145074860215
292.0 39150.209994197416
292.5 38867.33355937492
293.0 38551.66504193337
293.5 38199.93233958619
294.0 37819.42321473655
294.5 37418.377596930965
295.0 37005.03541571593
295.5 36587.63660063794
296.0 36174.421081243505
296.5 35773.62878707913
297.0 35393.4996476913
297.5 35042.237446325766
298.0 34724.58788610232
298.5 34439.02407976802
299.0 34183.35672788137
299.5 33955.396531000915
300.0 33752.95418968521
300.5 33573.84040449276
301.0 33415.865875982134
301.5 33276.84130471186
302.0 33154.57739124047
302.5 33046.884836126505
303.0 32951.5743399285
303.5 32866.456603205006
304.0 32789.34232651454
304.5 32718.04221041566
305.0 32650.36695546689
305.5 32584.169137431847
306.0 32518.326970898153
306.5 32452.78028755249
307.0 32387.517992623143
307.5 32322.52899133839
308.0 32257.802188926504
308.5 32193.32649061577
309.0 32129.090801634462
309.5 32065.08402721086
310.0 32001.295072573244
310.5 31937.712842949888
311.0 31874.326243569078
311.5 31811.124179659084
312.0 31748.095556448192
312.5 31685.229279164672
313.0 31622.51425303681
313.5 31559.983146757502
314.0 31498.09669792719
314.5 31437.557782503456
315.0 31379.072025810987
315.5 31323.34505317446
316.0 31271.082489918568
316.5 31222.989961367985
317.0 31179.773092847394
317.5 31142.137509681488
318.0 31110.788837194945
318.5 31086.432700712452
319.0 31069.774725558687
319.5 31061.52053705833
320.0 31062.375760536077
320.5 31073.0460213166
321.0 31094.236944724587
321.5 31126.415897810697
322.0 31168.942625287906
322.5 31220.85524850401
323.0 31281.191853994133
323.5 31348.990528293412
324.0 31423.289357936967
324.5 31503.12642945994
325.0 31587.539829397447
325.5 31675.567644284623
326.0 31766.2479606566
326.5 31858.618865048506
327.0 31951.71844399547
327.5 32044.584784032624
328.0 32136.30886960233
328.5 32227.51748853455
329.0 32320.574733565034
329.5 32417.938087742292
330.0 32522.06503411483
330.5 32635.413055731155
331.0 32760.439635639774
331.5 32899.602256889186
332.0 33055.358402527905
332.5 33230.165555604435
333.0 33426.48119916729
333.5 33646.750888836556
334.0 33891.25614411741
334.5 34155.618061835
335.0 34434.852369373075
335.5 34723.974794115355
336.0 35018.0010634456
336.5 35311.94690474752
337.0 35600.828045404895
337.5 35879.66021280143
338.0 36143.45913432087
338.5 36387.24053734695
339.0 36606.02014926341
339.5 36796.24196532454
340.0 36960.2457738697
340.5 37101.89244347373
341.0 37225.04284441483
341.5 37333.557846971176
342.0 37431.29832142098
342.5 37522.125138042415
343.0 37609.899167113676
343.5 37698.48127891296
344.0 37791.732343718446
344.5 37893.51323180834
345.0 38007.68481346083
345.5 38138.1079589541
346.0 38288.643538566335
346.5 38463.15242257574
347.0 38665.47065829067
347.5 38896.49550228499
348.0 39151.45116135081
348.5 39424.914836926386
349.0 39711.46373044998
349.5 40005.67504335987
350.0 40302.12597709431
350.5 40595.39373309158
351.0 40880.055512789935
351.5 41150.68851762764
352.0 41401.86994904298
352.5 41628.1770371614
353.0 41825.46051248217
353.5 41994.24018297454
354.0 42136.105621133924
354.5 42252.646399455734
355.0 42345.4520904354
355.5 42416.112266568336
356.0 42466.21650034996
356.5 42497.354364275685
357.0 42511.11543084094
357.5 42509.08927254114
358.0 42492.865461871705
358.5 42464.033571328044
359.0 42424.18317340559
359.5 42374.90384059975
360.0 42317.78514540595
360.5 42254.416660319606
361.0 42186.38795783615
361.5 42115.288606692804
362.0 42042.39288884585
362.5 41967.79930177158
363.0 41891.33231127235
363.5 41812.81638315054
364.0 41732.0759832085
364.5 41648.93557724863
365.0 41563.21963107328
365.5 41474.75261048481
366.0 41383.3589812856
366.5 41288.86320927802
367.0 41191.08976026443
367.5 41089.8631000472
368.0 40985.00769442871
368.5 40876.348009211324
369.0 40763.7085101974
369.5 40646.91366318932
370.0 40525.78793398944
370.5 40400.155788400145
371.0 40269.84169222378
371.5 40134.670111262734
372.0 39994.44948313539
372.5 39848.84300728049
373.0 39697.43659889354
373.5 39539.81545589194
374.0 39375.56477619317
374.5 39204.26975771463
375.0 39025.51559837378
375.5 38838.88749608803
376.0 38643.97064877484
376.5 38440.35025435163
377.0 38227.61151073585
377.5 38005.33961584492
378.0 37773.11976759629
378.5 37530.54019713106
379.0 37277.822464475874
379.5 37016.5964288711
380.0 36748.681769034134
380.5 36475.89816368239
381.0 36200.06529153328
381.5 35923.00283130422
382.0 35646.53046171262
382.5 35372.467861475874
383.0 35102.6347093114
383.5 34838.850683936624
384.0 34582.93546406895
384.5 34336.5198761018
385.0 34100.244449458856
385.5 33874.42622548352
386.0 33659.382063956764
386.5 33455.42882465957
387.0 33262.883367372895
387.5 33082.062551877745
388.0 32913.28323795508
388.5 32756.86228538588
389.0 32613.116553951124
389.5 32482.362903431793
390.0 32364.91819360886
390.5 32261.099284263302
391.0 32171.2230351761
391.5 32095.60630612823
392.0 32034.565576935114
392.5 31988.123037538855
393.0 31955.48063353951
393.5 31935.6985288919
394.0 31927.836887550842
394.5 31930.955873471154
395.0 31944.115650607662
395.5 31966.37638291518
396.0 31996.798234348535
396.5 32034.44136886254
397.0 32078.36595041202
397.5 32127.63214295179
398.0 32181.300110436667
398.5 32238.430016821483
399.0 32298.082026061053
399.5 32359.316302110197
400.0 32421.193008923732
400.5 32482.772310456476
401.0 32543.114632606095
401.5 32601.511119615086
402.0 32657.906677117913
402.5 32712.36120730655
403.0 32764.93461237294
403.5 32815.686794509056
404.0 32864.67765590684
404.5 32911.967098758265
405.0 32957.61502525527
405.5 33001.681337589835
406.0 33044.2259379539
406.5 33085.30872853944
407.0 33124.98961153841
407.5 33163.32848914277
408.0 33200.38526354446
408.5 33236.219836935445
409.0 33270.892111507696
409.5 33304.461989453164
410.0 33336.98937296381
410.5 33368.5341642316
411.0 33399.156265448466
411.5 33428.91557880638
412.0 33457.87200649732
412.5 33486.08545071321
413.0 33513.615813646036
413.5 33540.52244020355
414.0 33566.83722219469
414.5 33592.55262376314
415.0 33617.65805804341
415.5 33642.14293816998
416.0 33665.996677277326
416.5 33689.20868849996
417.0 33711.76838497235
417.5 33733.66517982898
418.0 33754.88848620435
418.5 33775.42771723294
419.0 33795.272286049236
419.5 33814.411605787725
420.0 33832.8350895829
420.5 33850.53215056923
421.0 33867.49220188124
421.5 33883.704656653375
422.0 33899.158928020144
422.5 33913.84442911603
423.0 33927.750573075515
423.5 33940.86677303309
424.0 33953.18244212324
424.5 33964.68699348046
425.0 33975.369840239226
425.5 33985.22039553403
426.0 33994.22807249936
426.5 34002.382284269705
427.0 34009.67244397954
427.5 34016.08796476336
428.0 34021.61826974281
428.5 34026.26632174116
429.0 34030.075406828866
429.5 34033.096283971594
430.0 34035.37971213499
430.5 34036.97645028476
431.0 34037.937257386555
431.5 34038.31289240604
432.0 34038.154114308876
432.5 34037.51168206076
433.0 34036.436354627345
433.5 34034.97889097429
434.0 34033.19005006729
434.5 34031.120590872
435.0 34028.82127235409
435.5 34026.34285347921
436.0 34023.73609321306
436.5 34021.0517505213
437.0 34018.340584369595
437.5 34015.6533537236
438.0 34013.040817549016
438.5 34010.56395652072
439.0 34008.351040618305
439.5 34006.55754668723
440.0 34005.33902796525
440.5 34004.85103769014
441.0 34005.24912909962
441.5 34006.68885543147
442.0 34009.32576992343
442.5 34013.315425813285
443.0 34018.813376338745
443.5 34025.9751747376
444.0 34034.95637424759
444.5 34045.91252810648
445.0 34058.99918955201
445.5 34074.37191182194
446.0 34092.186248154045
446.5 34112.59775178605
447.0 34135.761975955735
447.5 34161.83447390083
448.0 34190.970798859125
448.5 34223.32650406835
449.0 34259.05714276625
449.5 34298.31826819061
450.0 34341.265433579174
450.5 34388.05419216968
451.0 34438.84009719991
451.5 34493.778701907606
452.0 34552.97079428571
452.5 34616.14351510449
453.0 34682.867975868576
453.5 34752.71476651628
454.0 34825.25447698596
454.5 34900.05769721593
455.0 34976.69501714454
455.5 35054.73702671013
456.0 35133.75431585103
456.5 35213.31747450559
457.0 35292.997092612124
457.5 35372.36376010898
458.0 35450.9880669345
458.5 35528.445225195304
459.0 35604.598917836236
459.5 35679.76648396687
460.0 35754.30505976058
460.5 35828.57178139068
461.0 35902.9237850305
461.5 35977.71820685339
462.0 36053.31218303267
462.5 36130.06284974168
463.0 36208.32734315377
463.5 36288.46279944224
464.0 36370.82635478047
464.5 36455.775145341744
465.0 36543.666307299434
465.5 36634.85697682687
466.0 36729.70429009737
466.5 36828.56538328429
467.0 36931.79739256095
467.5 37039.75216852156
468.0 37152.46490010771
468.5 37269.480222535756
469.0 37390.300604607546
469.5 37514.42851512497
470.0 37641.36642288989
470.5 37770.61679670419
471.0 37901.68210536973
471.5 38034.06481768838
472.0 38167.26740246202
472.5 38300.79232849252
473.0 38434.14206458176
473.5 38566.8190795316
474.0 38698.32584214391
474.5 38828.164821220584
475.0 38955.838485563465
475.5 39080.8839023534
476.0 39203.36361320646
476.5 39323.748687449086
477.0 39442.52093779867
477.5 39560.1621769726
478.0 39677.15421768827
478.5 39793.97887266308
479.0 39911.117954614405
479.5 40029.05327625964
480.0 40148.266650316196
480.5 40269.23988950144
481.0 40392.45480653278
481.5 40518.39321412759
482.0 40647.53692500327
482.5 40780.36775187721
483.0 40917.367507466806
483.5 41059.018004489444
484.0 41205.80105566252
484.5 41358.198473703414
485.0 41516.69207132954
485.5 41681.76366125827
486.0 41853.895056206995
486.5 42033.567847988976
487.0 42221.0678376128
487.5 42416.12560148499
488.0 42618.37397146945
488.5 42827.44577943013
489.0 43042.9738572309
489.5 43264.59103673569
490.0 43491.93014980843
490.5 43724.624028313025
491.0 43962.30550411338
491.5 44204.60740907341
492.0 44451.16257505704
492.5 44701.60383392818
493.0 44955.56401755074
493.5 45212.675957788655
494.0 45472.5724865058
494.5 45734.88643556613
495.0 45999.25063683352
495.5 46265.29792217192
496.0 46532.66112344523
496.5 46800.97307251735
497.0 47069.86660125222
497.5 47338.97454151374
498.0 47607.92972516582
498.5 47876.36498407239
499.0 48143.91966819724
499.5 48410.461137456565
500.0 48676.13904475546
500.5 48941.12057315396
501.0 49205.572905712135
501.5 49469.663225489996
502.0 49733.55871554761
502.5 49997.426558945
503.0 50261.43393874223
503.5 50525.74803799935
504.0 50790.53603977637
504.5 51055.96512713338
505.0 51322.20248313038
505.5 51589.41529082743
506.0 51857.77073328459
506.5 52127.43599356189
507.0 52398.57825471937
507.5 52671.36469981708
508.0 52945.962511915066
508.5 53222.53887407337
509.0 53501.26096935204
509.5 53782.295980811105
510.0 54065.81109151062
510.5 54351.97348451064
511.0 54640.95034287119
511.5 54932.908849652325
512.0 55228.01618791409
512.5 55526.439540716514
513.0 55828.34609111966
513.5 56133.90228862105
514.0 56443.17672221408
514.5 56756.04281917074
515.0 57072.35085506819
515.5 57391.95110548349
516.0 57714.69384599378
516.5 58040.429352176165
517.0 58369.00789960775
517.5 58700.27976386565
518.0 59034.09522052697
518.5 59370.30454516883
519.0 59708.75801336834
519.5 60049.30590070259
520.0 60391.798482748694
520.5 60736.08603508379
521.0 61082.018833284965
521.5 61429.44715292932
522.0 61778.22126959399
522.5 62128.19145885608
523.0 62479.20799629268
523.5 62831.12115748092
524.0 63183.78121799791
524.5 63537.03845342074
525.0 63890.743139326536
525.5 64244.74555129242
526.0 64598.89596489548
526.5 64953.04465571282
527.0 65307.04189932158
527.5 65660.73797129883
528.0 66013.98314722173
528.5 66366.62770266736
529.0 66718.52191321284
529.5 67069.51605443525
530.0 67419.46040191174
530.5 67768.20523121941
531.0 68115.60081793534
531.5 68461.49743763669
532.0 68805.74536590054
532.5 69148.19498157222
533.0 69488.79411167295
533.5 69827.7690729287
534.0 70165.39561036814
534.5 70501.94946901988
535.0 70837.7063939126
535.5 71172.94213007492
536.0 71507.93242253551
536.5 71842.95301632295
537.0 72178.27965646597
537.5 72514.18808799316
538.0 72850.95405593314
538.5 73188.85330531462
539.0 73528.16158116619
539.5 73869.15462851651
540.0 74212.10819239424
540.5 74557.298017828
541.0 74904.99984984643
541.5 75255.4894334782
542.0 75609.04251375192
542.5 75965.93483569624
543.0 76326.44214433985
543.5 76690.84018471131
544.0 77059.40470183935
544.5 77432.41144075253
545.0 77810.12700393355
545.5 78192.53994631815
546.0 78579.31692905919
546.5 78970.10664253183
547.0 79364.5577771113
547.5 79762.3190231728
548.0 80163.03907109152
548.5 80566.36661124267
549.0 80971.9503340015
549.5 81379.43892974315
550.0 81788.48108884285
550.5 82198.72550167583
551.0 82609.82085861725
551.5 83021.41585004237
552.0 83433.15916632634
552.5 83844.69949784441
553.0 84255.68553497174
553.5 84665.76596808356
554.0 85074.58948755509
554.5 85481.8047837615
555.0 85887.06054707803
555.5 86290.00546787985
556.0 86690.28823238947
556.5 87087.4125993271
557.0 87480.35493806598
557.5 87867.97168960485
558.0 88249.11929494243
558.5 88622.65419507746
559.0 88987.43283100864
559.5 89342.31164373476
560.0 89686.14707425449
560.5 90017.7955635666
561.0 90336.1135526698
561.5 90639.95748256282
562.0 90928.28645060357
562.5 91200.77196385142
563.0 91457.38758057356
563.5 91698.10795081632
564.0 91922.90772462606
564.5 92131.76155204907
565.0 92324.64408313164
565.5 92501.52996792019
566.0 92662.39385646097
566.5 92807.21039880031
567.0 92935.95424498456
567.5 93048.60004506003
568.0 93145.12244907301
568.5 93225.49900501213
569.0 93289.87365008176
569.5 93338.64400928351
570.0 93372.22904486088
570.5 93391.04771905737
571.0 93395.51899411649
571.5 93386.06183228172
572.0 93363.09519579657
572.5 93327.03804690452
573.0 93278.3093478491
573.5 93217.3280608738
574.0 93144.51314822212
574.5 93060.28357213753
575.0 92965.05829486357
575.5 92859.25627864373
576.0 92743.29648572148
576.5 92617.61571195783
577.0 92482.94722766381
577.5 92340.268702123
578.0 92190.56510117467
578.5 92034.82139065822
579.0 91874.02253641302
579.5 91709.15350427844
580.0 91541.1992600938
580.5 91371.14476969845
581.0 91199.97499893178
581.5 91028.67491363315
582.0 90858.2294796419
582.5 90689.6236627974
583.0 90523.84242893898
583.5 90361.87074390604
584.0 90204.6935735379
584.5 90053.1600998612
585.0 89907.06865130163
585.5 89765.72738246742
586.0 89628.44169377224
586.5 89494.51698562976
587.0 89363.25865845363
587.5 89233.97211265752
588.0 89105.96274865503
588.5 88978.5359668599
589.0 88850.99716768574
589.5 88722.6517515462
590.0 88592.86381608855
590.5 88462.27635453266
591.0 88332.7729387516
591.5 88206.28817224505
592.0 88084.75665851272
592.5 87970.11300105431
593.0 87864.29180336953
593.5 87769.22766895809
594.0 87686.85520131965
594.5 87619.0447213378
595.0 87566.15041770352
595.5 87526.98914077003
596.0 87500.30921678903
596.5 87484.85897201211
597.0 87479.38673269095
597.5 87482.64082507716
598.0 87493.36957542242
598.5 87510.32130997833
599.0 87532.24435499651
599.5 87557.88703672866
600.0 87585.9976814264
600.5 87615.32461534133
601.0 87644.61616472514
601.5 87672.71326363964
602.0 87698.84297274759
602.5 87722.3329730384
603.0 87742.510945757
603.5 87758.70457214826
604.0 87770.24153345711
604.5 87776.44951092842
605.0 87776.65618580714
605.5 87770.18923933814
606.0 87756.37635276632
606.5 87734.54520733663
607.0 87704.02348429392
607.5 87664.13886488313
608.0 87614.21423308975
608.5 87553.44964003086
609.0 87480.91493255454
609.5 87395.67368439941
610.0 87296.78946930406
610.5 87183.32586100709
611.0 87054.34643324706
611.5 86908.91475976263
612.0 86746.09441429237
612.5 86564.94897057486
613.0 86364.54200234875
613.5 86143.93708335256
614.0 85902.19778732496
614.5 85638.3876880045
615.0 85352.18677390936
615.5 85046.17047589143
616.0 84723.76362479072
616.5 84388.39116257709
617.0 84043.4780312203
617.5 83692.44917269022
618.0 83338.72952895665
618.5 82985.74404198944
619.0 82636.91765375838
619.5 82294.51864785049
620.0 81954.689726432
620.5 81611.55342070767
621.0 81259.23101129112
621.5 80891.843778796
622.0 80503.51300383595
622.5 80088.35996702459
623.0 79640.50594897555
623.5 79154.0722303025
624.0 78623.80275565364
624.5 78048.23077151799
625.0 77427.31501255375
625.5 76761.01679104073
626.0 76049.29741925883
626.5 75292.11820948783
627.0 74489.4404740076
627.5 73641.22552509797
628.0 72747.4346750388
628.5 71808.84481331239
629.0 70832.61232285402
629.5 69828.89663023672
630.0 68807.87469524714
630.5 67779.72347767197
631.0 66754.61993729786
631.5 65742.74103391147
632.0 64754.26372729946
632.5 63799.364977248515
633.0 62887.25260366657
633.5 62016.200014401446
634.0 61177.580596563166
634.5 60362.659480538394
635.0 59562.70179671375
635.5 58768.9726754759
636.0 57972.73724721151
636.5 57165.260642307185
637.0 56337.807991149595
637.5 55481.6444241254
638.0 54588.035071621234
638.5 53648.33179385093
639.0 52660.06620323776
639.5 51630.956323358354
640.0 50569.67152918115
640.5 49484.88119567456
641.0 48385.254697807024
641.5 47279.461410546974
642.0 46176.17070886281
642.5 45084.05196772298
643.0 44011.77456209591
643.5 42968.00786695002
644.0 41961.42125725375
644.5 40998.95524359805
645.0 40078.6849050466
645.5 39195.851346705145
646.0 38345.69441793573
646.5 37523.45396810033
647.0 36724.36984656097
647.5 35943.68190267966
648.0 35176.62998581839
648.5 34418.45394533919
649.0 33664.393630604056
649.5 32909.688890975005
650.0 32149.579575814027
650.5 31379.305534483152
651.0 30594.142138376403
651.5 29792.490168846893
652.0 28978.27402775655
652.5 28155.98260228681
653.0 27330.10477961909
653.5 26505.12944693483
654.0 25685.545491415458
654.5 24875.841800242404
655.0 24080.507260597093
655.5 23304.030759660953
656.0 22550.901184615424
656.5 21825.607422641926
657.0 21132.638360921886
657.5 20476.482886636746
658.0 19861.242516505965
658.5 19286.358435246326
659.0 18748.18881835103
659.5 18243.03691640443
660.0 17767.2059799909
660.5 17316.999259694796
661.0 16888.720006100488
661.5 16478.67146979233
662.0 16083.156901354701
662.5 15698.47955137196
663.0 15320.942670428463
663.5 14946.849509108586
664.0 14572.503317996683
664.5 14194.207795367902
665.0 13809.333434629234
665.5 13418.603705172913
666.0 13023.399125096274
666.5 12625.100212496664
667.0 12225.087485471413
667.5 11824.741462117863
668.0 11425.442660533354
668.5 11028.571598815222
669.0 10635.50879506081
669.5 10247.634767367452
670.0 9866.33003383249
670.5 9492.97511255326
671.0 9128.950521627103
671.5 8775.636779151355
672.0 8434.414403223358
672.5 8106.659315243758
673.0 7793.2078157743
673.5 7493.856982446954
674.0 7208.285712002423
674.5 6936.172901181415
675.0 6677.197446724637
675.5 6431.038245372791
676.0 6197.3741938665835
676.5 5975.884188946723
677.0 5766.247127353911
677.5 5568.141905828857
678.0 5381.2474211122635
678.5 5205.242569944838
679.0 5039.8062490672855
679.5 4884.617355220312
680.0 4739.354785144624
680.5 4603.692716147669
681.0 4477.168856032015
681.5 4359.166851445697
682.0 4249.062095051347
682.5 4146.229979511594
683.0 4050.045897489074
683.5 3959.8852416464165
684.0 3875.123404646253
684.5 3795.1357791512173
685.0 3719.2977578239406
685.5 3646.9847333270536
686.0 3577.57209832319
686.5 3510.4352454749796
687.0 3444.949567445056
687.5 3380.490456896051
688.0 3316.433306490595
688.5 3252.153508891322
689.0 3187.026456760862
689.5 3120.4385779042495
690.0 3052.147633745785
690.5 2982.3628277452444
691.0 2911.3206120883565
691.5 2839.257438960849
692.0 2766.409760548449
692.5 2693.0140290368845
693.0 2619.306696611884
693.5 2545.5242154591747
694.0 2471.903037764485
694.5 2398.6796157135423
695.0 2326.0904014920743
695.5 2254.371847285809
696.0 2183.7604052804745
696.5 2114.4925276617982
697.0 2046.8046666155078
697.5 1980.9332743273312
698.0 1917.1148029829974
698.5 1855.5857047682325
699.0 1796.582431868765
699.5 1740.341436470323
700.0 1687.099170758634
700.5 1637.0920869194263
701.0 1590.509750235468
701.5 1547.2835048240654
702.0 1507.2562772201588
702.5 1470.2709160262361
703.0 1436.1702698447846
703.5 1404.7971872782912
704.0 1375.9945169292437
704.5 1349.60510740013
705.0 1325.4718072934365
705.5 1303.4374652116512
706.0 1283.3449297572613
706.5 1265.0370495327543
707.0 1248.356673140618
707.5 1233.146649183339
708.0 1219.2498262634056
708.5 1206.5090529833044
709.0 1194.7671779455231
709.5 1183.8670497525495
710.0 1173.6515170068706
710.5 1163.9634283109738
711.0 1154.6456322673466
711.5 1145.5409774784766
712.0 1136.4923125468508
712.5 1127.342486074957
713.0 1117.934398510982
713.5 1108.1503402172798
714.0 1097.982110298833
714.5 1087.4403857562418
715.0 1076.5358435901085
715.5 1065.2791608010336
716.0 1053.6810143896198
716.5 1041.752081356468
717.0 1029.5030387021798
717.5 1016.9445634273562
718.0 1004.0873325325996
718.5 990.9420230185108
719.0 977.5193118856915
719.5 963.8298761347434
720.0 949.8843927662678
720.5 935.6935387808661
721.0 921.2679911791399
721.5 906.6184269616908
722.0 891.7555231291203
722.5 876.6899566820297
723.0 861.4324046210206
723.5 845.9935439466947
724.0 830.3840516596531
724.5 814.6146047604975
725.0 798.6958802498294
725.5 782.6385551282503
726.0 766.4533063963618
726.5 750.1508110547651
727.0 733.741746104062
727.5 717.236788544854
728.0 700.6466153777424
728.5 683.9819036033286
729.0 667.2533302222146
729.5 650.4715722350014
730.0 633.6473066422905
730.5 616.7912104446837
731.0 599.9139609117909
731.5 583.0266522135342
732.0 566.1416374150068
732.5 549.271506269617
733.0 532.4288485307734
733.5 515.626253951884
734.0 498.87631228635706
734.5 482.1916132876009
735.0 465.5847467090237
735.5 449.0683023040339
736.0 432.65486982603966
736.5 416.3570390284493
737.0 400.18739966467103
737.5 384.15854148811314
738.0 368.283054252184
738.5 352.57352771029156
739.0 337.0425516158445
739.5 321.7027157222508
740.0 306.5666097829189
740.5 291.6468235512569
741.0 276.9559467806732
741.5 262.50656922457597
742.0 248.31128063637365
742.5 234.38267076947432
743.0 220.7333293772863
743.5 207.37584621321793
744.0 194.32281103067743
744.5 181.58681358307297
745.0 169.18044362381298
745.5 157.11629090630566
746.0 145.40694518395924
746.5 134.06499621018207
747.0 123.10303373838236
747.5 112.53364752196839
748.0 102.36942731434843
748.5 92.62296286893063
749.0 83.30684293659189
749.5 74.4294642212838
750.0 65.98546170666694
750.5 57.96665069186901
751.0 50.36484647601763
751.5 43.17186435824046
752.0 36.37951963766515
752.5 29.979627613419343
753.0 23.964003584630692
753.5 18.32446285042685
754.0 13.052820709935467
754.5 8.140892462284187
755.0 3.5804934066006475
755.5 -0.6365611579874764
756.0 -4.518455932352549
756.5 -8.073375617366915
757.0 -11.30950491390293
757.5 -14.235028522832934
758.0 -16.858131145029294
758.5 -19.18699748136435
759.0 -21.229812232710465
759.5 -22.994760099939974
760.0 -24.490025783925226
760.5 -25.723793985538567
761.0 -26.70424940565239
761.5 -27.439576745139014
762.0 -27.93796070487077
762.5 -28.207585985720037
763.0 -28.25663728855914
763.5 -28.093299314260456
764.0 -27.72575676369634
764.5 -27.162194337739095
765.0 -26.410796737261144
765.5 -25.479748663134785
766.0 -24.377234816232345
766.5 -23.111439897426266
767.0 -21.690548607588802
767.5 -20.12274564759234
768.0 -18.41621571830926
768.5 -16.579143520611893
769.0 -14.61971375537253
769.5 -12.546111123463646
770.0 -10.366520325757477
770.5 -8.089126063126429
771.0 -5.722113036442849
771.5 -3.2736659465790865
772.0 -0.7519694944074047
772.5 1.8347916191996774
773.0 4.478432693369882
773.5 7.170769027230932
774.0 9.90361591991038
774.5 12.668788670535918
775.0 15.458102578235298
775.5 18.26337294213596
776.0 21.076415061365736
776.5 23.88904423505207
777.0 26.693075762322877
777.5 29.480324942305657
778.0 32.24260707412793
778.5 34.971737456917594
779.0 37.65953138980217
779.5 40.29780417190932
780.0 42.878371102366884
780.5 45.39304748030207
781.0 47.83364860484272
781.5 50.19198977511684
782.0 52.459886290251575
782.5 54.62915344937494
783.0 56.69184581535104
783.5 58.64495545246981
784.0 60.49011677545729
784.5 62.22914436226405
785.0 63.863852790840696
785.5 65.3960566391378
786.0 66.82757048510598
786.5 68.16020890669577
787.0 69.39578648185781
787.5 70.53611778854268
788.0 71.58301740470095
788.5 72.53829990828321
789.0 73.40377987724005
789.5 74.18127188952207
790.0 74.87259052307984
790.5 75.47955035586396
791.0 76.003965965825
791.5 76.44765193091357
792.0 76.81242282908025
792.5 77.10009323827562
793.0 77.31247773645028
793.5 77.4513909015548
794.0 77.5186473115398
794.5 77.51606154435584
795.0 77.44544817795352
795.5 77.30862179028342
796.0 77.10739695929615
796.5 76.84358826294225
797.0 76.51901027917235
797.5 76.13547758593702
798.0 75.69480476118689
798.5 75.19880638287246
799.0 74.6492970289444
799.5 74.04809127735325
800.0 73.39700370604962
800.5 72.69784889298408
801.0 71.95244141610725
801.5 71.1625958533697
802.0 70.33012678272199
802.5 69.45684878211475
803.0 68.54457642949855
803.5 67.59512430282399
804.0 66.61030698004163
804.5 65.59193903910209
805.0 64.54183505795592
805.5 63.461809614553744
806.0 62.353677286846114
806.5 61.21925265278369
807.0 60.06035029031699
807.5 58.8787847773966
808.0 57.67637069197313
808.5 56.4549226119972
809.0 55.216255115419344
809.5 53.962182780190176
810.0 52.69452018426027
810.5 51.41508190558022
811.0 50.12568252210067
811.5 48.828136611772074
812.0 47.524258752545165
812.5 46.215863522370405
813.0 44.904765499198504
813.5 43.592779260979924
814.0 42.28171938566537
814.5 40.97340045120538
815.0 39.66963703555051
815.5 38.3722437166514
816.0 37.0830350724586
816.5 35.80382568092273
817.0 34.536430119994364
817.5 33.28266296762408
818.0 32.04433880176241
818.5 30.823272200360066
819.0 29.621277741367564
819.5 28.440170002735485
820.0 27.281763562414454
820.5 26.14787299835507
821.0 25.040312888507856
821.5 23.96089781082341
822.0 22.911442343252418
822.5 21.89360703644118
823.0 20.907588899938048
823.5 19.952775885768588
824.0 19.02854741323835
824.5 18.134282901652874
825.0 17.269361770317705
825.5 16.433163438538383
826.0 15.62506732562046
826.5 14.844452850869473
827.0 14.09069943359097
827.5 13.363186493090494
828.0 12.661293448673588
828.5 11.984399719645797
829.0 11.331884725312662
829.5 10.703127884979732
830.0 10.097508617952549
830.5 9.514406343536656
831.0 8.953200481037598
831.5 8.413270449760915
832.0 7.893995669012158
832.5 7.394755558096865
833.0 6.914929536320584
833.5 6.4538970229888575
834.0 6.011037437407229
834.5 5.585730198881241
835.0 5.177354726716438
835.5 4.7852904402183665
836.0 4.4089167586925715
836.5 4.047613101444593
837.0 3.7007588877799775
837.5 3.367733537004269
838.0 3.0479164684230082
838.5 2.740687101341741
839.0 2.4454248550660163
839.5 2.16150914890137
840.0 1.8883194021533507
840.5 1.6252350341275017
841.0 1.3716354641293629
841.5 1.1269001114644865
842.0 0.8904083954384099
842.5 0.661539735356679
843.0 0.43967355052483903
843.5 0.22418926024843167
844.0 0.014466283833003857
844.5 -0.19011595941590542
845.0 -0.39017805019274476
845.5 -0.5863405691919805
846.0 -0.779224097108056
846.5 -0.9694492146354392
847.0 -1.1576365024685806
847.5 -1.344406541301936
848.0 -1.5303799118299626
848.5 -1.7161771947471127
849.0 -1.9024189707478456
849.5 -2.089725820526617
850.0 -2.2787183247778806
850.5 -2.4700170641960995
851.0 -2.6642426194757185
851.5 -2.8620155713112005
852.0 -3.0639565003970084
852.5 -3.270685987427587
853.0 -3.482824613097396
853.5 -3.7009929581008905
854.0 -3.9257741858033364
854.5 -4.157343193234434
855.0 -4.395623631963122
855.5 -4.640535479741962
856.0 -4.891998714323508
856.5 -5.149933313460316
857.0 -5.414259254904946
857.5 -5.684896516409953
858.0 -5.961765075727895
858.5 -6.244784910611326
859.0 -6.533875998812805
859.5 -6.828958318084888
860.0 -7.129951846180133
860.5 -7.436776560851095
861.0 -7.749352439850333
861.5 -8.067599460930403
862.0 -8.391437601843858
862.5 -8.720786840343262
863.0 -9.055567154181167
863.5 -9.395698521110129
864.0 -9.741100918882708
864.5 -10.09169432525146
865.0 -10.447398717968941
865.5 -10.80813407478771
866.0 -11.173820373460316
866.5 -11.544377591739327
867.0 -11.91972570737729
867.5 -12.299784698126771
868.0 -12.684474541740316
868.5 -13.073715215970495
869.0 -13.467426698569854
869.5 -13.865528967290954
870.0 -14.267941999886352
870.5 -14.674585774108603
871.0 -15.085380267710267
871.5 -15.500245458443896
872.0 -15.91910132406205
872.5 -16.341867842317285
873.0 -16.76846499096216
873.5 -17.19881274774923
874.0 -17.63283109043105
874.5 -18.07043999676018
875.0 -18.511559444489173
875.5 -18.956109411370587
876.0 -19.404009875156984
876.5 -19.855180813600914
877.0 -20.30954220445494
877.5 -20.76701402547161
878.0 -21.22751625440349
878.5 -21.690968869003136
879.0 -22.157291847023092
879.5 -22.626405166215935
880.0 -23.09822880433421
880.5 -23.572682739130475
881.0 -24.049686948357284
881.5 -24.52916140976719
882.0 -25.01102610111277
882.5 -25.49520100014656
883.0 -25.981606084621127
883.5 -26.470161332289024
884.0 -26.960786720902806
884.5 -27.453402228215037
885.0 -27.947927831978266
885.5 -28.44428350994506
886.0 -28.94238923986796
886.5 -29.442164999499536
887.0 -29.943530766592346
887.5 -30.44640651889894
888.0 -30.950712234171863
888.5 -31.4563678901637
889.0 -31.963293464626982
889.5 -32.47140893531429
890.0 -32.98063427997816
890.5 -33.49088947637116
891.0 -34.00209450224584
891.5 -34.51416933535476
892.0 -35.02703395345046
892.5 -35.540608334285544
893.0 -36.05481245561252
893.5 -36.56956629518397
894.0 -37.08478983075244
894.5 -37.600403040070496
895.0 -38.116325900890686
895.5 -38.63247839096557
896.0 -39.1487804880477
