Wavelength Extinction
254.0 63015.127324925415
254.5 62457.69627689845
255.0 61905.378375318134
255.5 61361.83020883296
256.0 60830.70836609142
256.5 60315.669435742006
257.0 59820.3700064332
257.5 59348.46666681351
258.0 58903.616005531425
258.5 58489.458429435865
259.0 58108.286811233585
259.5 57760.05402058635
260.0 57444.479096523806
260.5 57161.281078075604
261.0 56910.179004271406
261.5 56690.89191414083
262.0 56503.13884671358
262.5 56346.63884101926
263.0 56221.11093608753
263.5 56126.27417094805
264.0 56061.84758463045
264.5 56027.55021616441
265.0 56023.10110457957
265.5 56048.1530379269
266.0 56101.28496607999
266.5 56180.20484385778
267.0 56282.595501952004
267.5 56406.139771054426
268.0 56548.5204818568
268.5 56707.420465050884
269.0 56880.52255132842
269.5 57065.50957138117
270.0 57260.06435590087
270.5 57461.86973557929
271.0 57668.608541108166
271.5 57877.96360317926
272.0 58087.61775248432
272.5 58295.25381971509
273.0 58498.55463556335
273.5 58695.25362804151
274.0 58884.14451928621
274.5 59065.02685449257
275.0 59237.739872463106
275.5 59402.12281200033
276.0 59558.01491190676
276.5 59705.2554109849
277.0 59843.68354803727
277.5 59973.13856186637
278.0 60093.45969127472
278.5 60204.486175064834
279.0 60306.05725203923
279.5 60398.01216100041
280.0 60480.19014075089
280.5 60552.43043009318
281.0 60614.5722678298
281.5 60666.4646863711
282.0 60708.222182389625
282.5 60740.24918709631
283.0 60762.96483129634
283.5 60776.78824579488
284.0 60782.138561397114
284.5 60779.43490890821
285.0 60769.09641913334
285.5 60751.54222287771
286.0 60727.191450946455
286.5 60696.463234144765
287.0 60659.77670327782
287.5 60617.550989150805
288.0 60570.20522256888
288.5 60518.15853433723
289.0 60461.830055261016
289.5 60401.638916145435
290.0 60338.00424779564
290.5 60271.345181016826
291.0 60202.08084661415
291.5 60130.63037539281
292.0 60057.66157774918
292.5 59985.35627475958
293.0 59916.46606293628
293.5 59853.74357177587
294.0 59799.94143077497
294.5 59757.81226943017
295.0 59730.10871723809
295.5 59719.58340369531
296.0 59728.98895829846
296.5 59761.07801054413
297.0 59818.603189928916
297.5 59904.317125949434
298.0 60020.972448102286
298.5 60171.32178588407
299.0 60358.117768791395
299.5 60584.11302632086
300.0 60851.3942743551
300.5 61157.505815823526
301.0 61498.095457381576
301.5 61868.8046721912
302.0 62265.274933414345
302.5 62683.14771421293
303.0 63118.0644877489
303.5 63565.6667271842
304.0 64021.59590568078
304.5 64481.493496400544
305.0 64941.000972505455
305.5 65395.77906842299
306.0 65842.74573157047
306.5 66280.82833035362
307.0 66709.13438605636
307.5 67126.7714199627
308.0 67532.84695335658
308.5 67926.46850752192
309.0 68306.74360374267
309.5 68672.77976330282
310.0 69023.6845074863
310.5 69358.56535757706
311.0 69676.52983485903
311.5 69976.68546061621
312.0 70258.1397561325
312.5 70519.92161692488
313.0 70759.42990600753
313.5 70972.52678601966
314.0 71155.0144806049
314.5 71302.6952134068
315.0 71411.37120806894
315.5 71476.8446882349
316.0 71494.91787754821
316.5 71461.3929996525
317.0 71372.17450638703
317.5 71228.60332147959
318.0 71040.06872363732
318.5 70816.60993478126
319.0 70568.26617683245
319.5 70305.07667171187
320.0 70037.08064134057
320.5 69774.31730763956
321.0 69526.82589252986
321.5 69304.62496388113
322.0 69114.03858134532
322.5 68953.46091356663
323.0 68820.26006070091
323.5 68711.80412290408
324.0 68625.46120033204
324.5 68558.59939314067
325.0 68508.58680148587
325.5 68472.79152552351
326.0 68448.58166540951
326.5 68433.32532129975
327.0 68424.39059335015
327.5 68419.14558171657
328.0 68414.9583865549
328.5 68409.19710802105
329.0 68399.22984627092
329.5 68382.42470146038
330.0 68356.14977374535
330.5 68317.7731632817
331.0 68265.0205225743
331.5 68197.52155178381
332.0 68115.53723723695
332.5 68019.3289773242
333.0 67909.15817043606
333.5 67785.28621496298
334.0 67647.97450929544
334.5 67497.48445182394
335.0 67334.07744093891
335.5 67158.01487503086
336.0 66969.55815249025
336.5 66768.96867170757
337.0 66556.50783107326
337.5 66332.43702897786
338.0 66097.01766381178
338.5 65850.51113396553
339.0 65593.17883782959
339.5 65325.2821737944
340.0 65047.10354636804
340.5 64759.21616728564
341.0 64462.4056678281
341.5 64157.46252139392
342.0 63845.177201381535
342.5 63526.340181189415
343.0 63201.74193421604
343.5 62872.172933859845
344.0 62538.423653519334
344.5 62201.28456659293
345.0 61861.546146479115
345.5 61519.99886657636
346.0 61177.433200283114
346.5 60834.63962099785
347.0 60492.40860211904
347.5 60151.53061704513
348.0 59812.79613917459
348.5 59476.99564190589
349.0 59144.91959863749
349.5 58817.35848276785
350.0 58495.10276769544
350.5 58178.94292681872
351.0 57869.66943353616
351.5 57568.072761246214
352.0 57274.94338334736
352.5 56991.07177323804
353.0 56717.24840431675
353.5 56454.26374998192
354.0 56202.90828363202
354.5 55963.97247866554
355.0 55737.91121570563
355.5 55523.64286769162
356.0 55319.646326365415
356.5 55124.4004484263
357.0 54936.38409057351
357.5 54754.076109506306
358.0 54575.95536192395
358.5 54400.5007045257
359.0 54226.190994010794
359.5 54051.505087078505
360.0 53874.92184042808
360.5 53694.92011075878
361.0 53509.97875476985
361.5 53318.576629160554
362.0 53119.19259063015
362.5 52910.30549587789
363.0 52690.394201603034
363.5 52457.93756450483
364.0 52211.41444128253
364.5 51949.3036886354
365.0 51670.0841632627
365.5 51372.23472186367
366.0 51054.23422113758
366.5 50714.56151778367
367.0 50351.69546850121
367.5 49964.476736795215
368.0 49554.18379190377
368.5 49123.101710067334
369.0 48673.51873829384
369.5 48207.723123591204
370.0 47728.00311296738
370.5 47236.646953430274
371.0 46735.94289198784
371.5 46228.179175648
372.0 45715.64405141867
372.5 45200.62576630781
373.0 44685.41256732332
373.5 44172.292701473154
374.0 43663.55441576523
374.5 43161.485957207486
375.0 42668.37557280785
375.5 42186.51150957425
376.0 41718.18201451462
376.5 41265.56679130946
377.0 40829.27564365115
377.5 40408.73701189232
378.0 40003.35047520659
378.5 39612.51561276757
379.0 39235.63200374886
379.5 38872.099227324055
380.0 38521.31686266677
380.5 38182.6844889506
381.0 37855.60168534916
381.5 37539.46803103606
382.0 37233.68310518489
382.5 36937.64648696927
383.0 36650.757755562794
383.5 36372.41649013908
384.0 36102.02226987172
384.5 35838.97467393433
385.0 35582.6732815005
385.5 35332.51767174386
386.0 35087.907423838
386.5 34848.24211695652
387.0 34612.921330273035
387.5 34381.34464296115
388.0 34152.91163419446
388.5 33927.02188314658
389.0 33703.08922441009
389.5 33480.845988579604
390.0 33260.337877421494
390.5 33041.62382307049
391.0 32824.762757661316
391.5 32609.81361332872
392.0 32396.835322207415
392.5 32185.886816432143
393.0 31977.02702813763
393.5 31770.31488945861
394.0 31565.809332529803
394.5 31363.569289485953
395.0 31163.65369246179
395.5 30966.12147359204
396.0 30771.031565011435
396.5 30578.442898854704
397.0 30388.414407256583
397.5 30201.0050223518
398.0 30016.27367627508
398.5 29834.27930116117
399.0 29655.080829144783
399.5 29478.737192360655
400.0 29305.307322943525
400.5 29134.850153028114
401.0 28967.42461474916
401.5 28803.089640241393
402.0 28641.904161639533
402.5 28483.92711107833
403.0 28329.2174206925
403.5 28177.834022616775
404.0 28029.837513987706
404.5 27885.300792229813
405.0 27744.302265791837
405.5 27606.92036907503
406.0 27473.233536480686
406.5 27343.32020241005
407.0 27217.25880126441
407.5 27095.12776744502
408.0 26977.005535353164
408.5 26862.970539390102
409.0 26753.101213957107
409.5 26647.475993455442
410.0 26546.173312286384
410.5 26449.2716048512
411.0 26356.84930555116
411.5 26268.984848787524
412.0 26185.75666896158
412.5 26107.24320047458
413.0 26033.522877727803
413.5 25964.674135122514
414.0 25900.77540705998
414.5 25841.90512794148
415.0 25788.141732168275
415.5 25739.56365414163
416.0 25696.249328262827
416.5 25658.27718893313
417.0 25625.725670553806
417.5 25598.673207526128
418.0 25577.198234251355
418.5 25561.37918513077
419.0 25551.294494565635
419.5 25547.022596957217
420.0 25548.641926706794
420.5 25556.230918215628
421.0 25569.86318960586
421.5 25589.48959831664
422.0 25614.931188022827
422.5 25646.002774123743
423.0 25682.51917201872
423.5 25724.29519710708
424.0 25771.14566478814
424.5 25822.885390461233
425.0 25879.329189525677
425.5 25940.2918773808
426.0 26005.588269425923
426.5 26075.033181060375
427.0 26148.441427683472
427.5 26225.627824694544
428.0 26306.40718749291
428.5 26390.594331477896
429.0 26478.00407204883
429.5 26568.45122460503
430.0 26661.750604545814
430.5 26757.717027270523
431.0 26856.16530817847
431.5 26956.91026266898
432.0 27059.766706141374
432.5 27164.54945399498
433.0 27271.073321629123
433.5 27379.153124443124
434.0 27488.60367783631
434.5 27599.239797207996
435.0 27710.876297957522
435.5 27823.327995484196
436.0 27936.40970518735
436.5 28049.936242466305
437.0 28163.723883201037
437.5 28277.64983187563
438.0 28391.672931090674
438.5 28505.757737305612
439.0 28619.86880697989
439.5 28733.97069657296
440.0 28848.02796254427
440.5 28962.00516135327
441.0 29075.866849459402
441.5 29189.577583322116
442.0 29303.101919400862
442.5 29416.404414155088
443.0 29529.44962404424
443.5 29642.202105527762
444.0 29754.626415065108
444.5 29866.687109115723
445.0 29978.348744139053
445.5 30089.57587659455
446.0 30200.333062941663
446.5 30310.584859639832
447.0 30420.29582314851
447.5 30529.430509927148
448.0 30637.95347643519
448.5 30745.82927913208
449.0 30853.02247447727
449.5 30959.49761893021
450.0 31065.219268950346
450.5 31170.15198099713
451.0 31274.26031153
451.5 31377.50881700841
452.0 31479.862053891804
452.5 31581.284578639636
453.0 31681.740947711347
453.5 31781.195717566392
454.0 31879.613444664214
454.5 31976.95868546426
455.0 32073.19599642598
455.5 32168.289934008826
456.0 32262.20505467224
456.5 32354.905914875664
457.0 32446.35707107856
457.5 32536.523079740367
458.0 32625.368497320535
458.5 32712.857880278512
459.0 32798.97437791113
459.5 32883.828428368855
460.0 32967.583787127136
460.5 33050.40439075872
461.0 33132.45417583639
461.5 33213.89707893291
462.0 33294.89703662103
462.5 33375.61798547351
463.0 33456.22386206312
463.5 33536.87860296261
464.0 33617.746144744764
464.5 33698.99042398232
465.0 33780.775377248065
465.5 33863.264941114736
466.0 33946.6230521551
466.5 34031.01364694194
467.0 34116.600662048
467.5 34203.548034046034
468.0 34292.01969950882
468.5 34382.17959500911
469.0 34474.19165711967
469.5 34568.21982241328
470.0 34664.428027462665
470.5 34762.980208840614
471.0 34864.04030311987
471.5 34967.772246873225
472.0 35074.339976673415
472.5 35183.907429093204
473.0 35296.63854070536
473.5 35412.69724808265
474.0 35532.247487797824
474.5 35655.45319642365
475.0 35782.4783105329
475.5 35913.48676669831
476.0 36048.64250149267
476.5 36188.10945148872
477.0 36332.05129074009
477.5 36480.49561013824
478.0 36633.11179859231
478.5 36789.5110055229
479.0 36949.30438035059
479.5 37112.103072495964
480.0 37277.518231379596
480.5 37445.16100642208
481.0 37614.64254704401
481.5 37785.574002665955
482.0 37957.566522708505
482.5 38130.23125659224
483.0 38303.17935373776
483.5 38476.02196356564
484.0 38648.37023549647
484.5 38819.83531895081
485.0 38990.02836334929
485.5 39158.56051811246
486.0 39325.04293266091
486.5 39489.086756415236
487.0 39650.30313879601
487.5 39808.30322922382
488.0 39962.69817711926
488.5 40113.09913190291
489.0 40259.11724299536
489.5 40400.36365981717
490.0 40536.512094293525
490.5 40667.570585410496
491.0 40793.658391842204
491.5 40914.89484729695
492.0 41031.399285483065
492.5 41143.29104010887
493.0 41250.68944488267
493.5 41353.713833512804
494.0 41452.48353970757
494.5 41547.11789717532
495.0 41637.73623962435
495.5 41724.45790076298
496.0 41807.402214299545
496.5 41886.688513942354
497.0 41962.43613339972
497.5 42034.764406379974
498.0 42103.79266659144
498.5 42169.64024774244
499.0 42232.42648354128
499.5 42292.27070769629
500.0 42349.29225391579
500.5 42403.610455908085
501.0 42455.34464738152
501.5 42504.614162044396
502.0 42551.53833360503
502.5 42596.23649577176
503.0 42638.8279822529
503.5 42679.43212675677
504.0 42718.16826299168
504.5 42755.15572466597
505.0 42790.51384548794
505.5 42824.361959165915
506.0 42856.819399408225
506.5 42888.00549992318
507.0 42918.0395944191
507.5 42947.04101660431
508.0 42975.12884689291
508.5 43002.38583068915
509.0 43028.820859128995
509.5 43054.43386058767
510.0 43079.224763440434
510.5 43103.193496062515
511.0 43126.339986829145
511.5 43148.66416411556
512.0 43170.165956297
512.5 43190.84529174871
513.0 43210.70209884592
513.5 43229.73630596387
514.0 43247.947841477784
514.5 43265.33663376291
515.0 43281.90261119449
515.5 43297.64570214776
516.0 43312.56583499796
516.5 43326.6629381203
517.0 43339.936939890045
517.5 43352.38776868241
518.0 43364.01535287267
518.5 43374.81962083603
519.0 43384.800500947735
519.5 43393.957921583016
520.0 43402.29181111712
520.5 43409.80209792529
521.0 43416.48871038274
521.5 43422.35157686473
522.0 43427.39062574648
522.5 43431.60578540323
523.0 43434.99698421023
523.5 43437.56415054271
524.0 43439.3072127759
524.5 43440.22609928504
525.0 43440.32073844538
525.5 43439.59105863214
526.0 43438.03698822057
526.5 43435.65845558589
527.0 43432.45538910336
527.5 43428.427717148195
528.0 43423.57536809565
528.5 43417.898270320955
529.0 43411.39635219934
529.5 43404.06954210605
530.0 43395.917768416315
530.5 43386.94095950539
531.0 43377.139043748495
531.5 43366.511949520864
532.0 43355.05960519775
532.5 43342.78193915438
533.0 43329.67887976599
533.5 43315.75035540782
534.0 43300.996294455115
534.5 43285.4166252831
535.0 43269.01127626701
535.5 43251.780175782085
536.0 43233.72325220357
536.5 43214.840433906706
537.0 43195.13164926671
537.5 43174.59682665884
538.0 43153.23589445832
538.5 43131.04878104038
539.0 43108.03541478028
539.5 43084.195724053236
540.0 43059.5296372345
540.5 43034.037082699295
541.0 43007.71798882288
541.5 42980.57228398047
542.0 42952.599896547305
542.5 42923.804052375475
543.0 42894.25366955404
543.5 42864.07817027179
544.0 42833.40923436482
544.5 42802.37854166926
545.0 42771.11777202121
545.5 42739.75860525677
546.0 42708.43272121205
546.5 42677.27179972315
547.0 42646.4075206262
547.5 42615.97156375729
548.0 42586.09560895253
548.5 42556.911336048026
549.0 42528.5504248799
549.5 42501.144555284234
550.0 42474.82540709717
550.5 42449.72466015478
551.0 42425.9739942932
551.5 42403.70508934852
552.0 42383.04962515686
552.5 42364.139281554315
553.0 42347.105738377
553.5 42332.08067546104
554.0 42319.1957726425
554.5 42308.582709757524
555.0 42300.37316664221
555.5 42294.69882313266
556.0 42291.69135906499
556.5 42291.482454275305
557.0 42294.203788599705
557.5 42299.98704187431
558.0 42308.963893935215
558.5 42321.26602461853
559.0 42337.025113760385
559.5 42356.37284119686
560.0 42379.440886764074
560.5 42406.360930298135
561.0 42437.25260501805
561.5 42472.16966098101
562.0 42511.14343911224
562.5 42554.20526172396
563.0 42601.38645112841
563.5 42652.71832963783
564.0 42708.23221956443
564.5 42767.959443220454
565.0 42831.93132291813
565.5 42900.17918096968
566.0 42972.73433968734
566.5 43049.628121383335
567.0 43130.8918483699
567.5 43216.55684295927
568.0 43306.65442746366
568.5 43401.21592419531
569.0 43500.27265546646
569.5 43603.855943589326
570.0 43711.99711087614
570.5 43824.72747963913
571.0 43942.078372190525
571.5 44064.08111084256
572.0 44190.76701790748
572.5 44322.167415697484
573.0 44458.313626524825
573.5 44599.23697270172
574.0 44744.9687765404
574.5 44895.5403603531
575.0 45050.98304645206
575.5 45211.328157149495
576.0 45376.60701475763
576.5 45546.85094158872
577.0 45722.09125995496
577.5 45902.359292168614
578.0 46087.68359205326
578.5 46278.03027288583
579.0 46473.30368572972
579.5 46673.40554883139
580.0 46878.23758043733
580.5 47087.70149879401
581.0 47301.69902214792
581.5 47520.13186874553
582.0 47742.90175683331
582.5 47969.910404657734
583.0 48201.059530465296
583.5 48436.25085250247
584.0 48675.38608901571
584.5 48918.36695825152
585.0 49165.09517845637
585.5 49415.47246787674
586.0 49669.4005447591
586.5 49926.78112734992
587.0 50187.51593389569
587.5 50451.50668264289
588.0 50718.65509183798
588.5 50988.86287972746
589.0 51262.03176455778
589.5 51538.06346457544
590.0 51816.859698026914
590.5 52098.32218315867
591.0 52382.352638217184
591.5 52668.85278144894
592.0 52957.72433110043
592.5 53248.86900541809
593.0 53542.18852264844
593.5 53837.58460103793
594.0 54134.95895883305
594.5 54434.21331428026
595.0 54735.249386105264
595.5 55037.972622956244
596.0 55342.301200959024
596.5 55648.156008592654
597.0 55955.457934336235
597.5 56264.12786666886
598.0 56574.08669406961
598.5 56885.25530501755
599.0 57197.554587991785
599.5 57510.905431471394
600.0 57825.228723935455
600.5 58140.445353863055
601.0 58456.47620973328
601.5 58773.242180025205
602.0 59090.66415321793
602.5 59408.663017790524
603.0 59727.15966222208
603.5 60046.07497499168
604.0 60365.3298445784
604.5 60684.84515946133
605.0 61004.54180811957
605.5 61324.340679032175
606.0 61644.162660678245
606.5 61963.928641536855
607.0 62283.55951008711
607.5 62602.97615480807
608.0 62922.09946417883
608.5 63240.85032667847
609.0 63559.149630786065
609.5 63876.918264980726
610.0 64194.07711774151
610.5 64510.54707754752
611.0 64826.24903287782
611.5 65141.10387221151
612.0 65455.03248402767
612.5 65767.95575680539
613.0 66079.79457902374
613.5 66390.46983916181
614.0 66699.9024256987
614.5 67008.01322711346
615.0 67314.7231318852
615.5 67619.95302849301
616.0 67923.62380541593
616.5 68225.6563511331
617.0 68525.97155412356
617.5 68824.49030286643
618.0 69121.13349710779
618.5 69415.84397333572
619.0 69708.63228608025
619.5 69999.52201585664
620.0 70288.5367431802
620.5 70575.7000485662
621.0 70861.03551252994
621.5 71144.56671558668
622.0 71426.31723825175
622.5 71706.31066104039
623.0 71984.57056446791
623.5 72261.12052904959
624.0 72535.9841353007
624.5 72809.18496373655
625.0 73080.74659487241
625.5 73350.69260922357
626.0 73619.0465873053
626.5 73885.83210963292
627.0 74151.07275672168
627.5 74414.79210908689
628.0 74677.01374724382
628.5 74937.76125170777
629.0 75197.05820299398
629.5 75454.92818161781
630.0 75711.3947680945
630.5 75966.48154293932
631.0 76220.2120866676
631.5 76472.60997979458
632.0 76723.69880283557
632.5 76973.50213630586
633.0 77222.04356072072
633.5 77469.34665659544
634.0 77715.43500444532
634.5 77960.33218478561
635.0 78204.06177813163
635.5 78446.64736499864
636.0 78688.11252590196
636.5 78928.48048108019
637.0 79167.7529523057
637.5 79405.89840647679
638.0 79642.88245776117
638.5 79878.6707203265
639.0 80113.22880834046
639.5 80346.52233597073
640.0 80578.51691738502
640.5 80809.178166751
641.0 81038.47169823629
641.5 81266.36312600864
642.0 81492.81806423569
642.5 81717.80212708515
643.0 81941.28092872465
643.5 82163.22008332191
644.0 82383.58520504461
644.5 82602.34190806042
645.0 82819.455806537
645.5 83034.89251464208
646.0 83248.6176465433
646.5 83460.59681640833
647.0 83670.79563840487
647.5 83879.17972670059
648.0 84085.71469546319
648.5 84290.36615886033
649.0 84493.09973105969
649.5 84693.88102622895
650.0 84892.67565853581
650.5 85089.44924214791
651.0 85284.16739123296
651.5 85476.79571995862
652.0 85667.29984249259
652.5 85855.64537300254
653.0 86041.79792565614
653.5 86225.72311462108
654.0 86407.38655406503
654.5 86586.7538581557
655.0 86763.79064106074
655.5 86938.46251694782
656.0 87110.73587593883
656.5 87280.63308396809
657.0 87448.26916786945
657.5 87613.76785692252
658.0 87777.25288040687
658.5 87938.84796760211
659.0 88098.67684778779
659.5 88256.86325024354
660.0 88413.5309042489
660.5 88568.80353908347
661.0 88722.80488402686
661.5 88875.65866835862
662.0 89027.48862135837
662.5 89178.41847230567
663.0 89328.57195048012
663.5 89478.0727851613
664.0 89627.04470562881
664.5 89775.61144116223
665.0 89923.8967210411
665.5 90072.02427454508
666.0 90220.1178309537
666.5 90368.3011195466
667.0 90516.6978696033
667.5 90665.43181040345
668.0 90814.62667122658
668.5 90964.4061813523
669.0 91114.8940700602
669.5 91266.21406662985
670.0 91418.48990034088
670.5 91571.84530047282
671.0 91726.4039963053
671.5 91882.28971711788
672.0 92039.62619219013
672.5 92198.53715080167
673.0 92359.14632223207
673.5 92521.57743576093
674.0 92685.95422066782
674.5 92852.40040623234
675.0 93021.03972173405
675.5 93191.99589645257
676.0 93365.39265966746
676.5 93541.3537406583
677.0 93720.00286870472
677.5 93901.46377308626
678.0 94085.86018308252
678.5 94273.3158279731
679.0 94463.95443703757
679.5 94657.8997395555
680.0 94855.27546480653
680.5 95056.20534207017
681.0 95260.8131006261
681.5 95469.22246975379
682.0 95681.55717873295
682.5 95897.94095684307
683.0 96118.49753336378
683.5 96343.34978881864
684.0 96572.50841740992
684.5 96805.76093219923
685.0 97042.86844886014
685.5 97283.59208306612
686.0 97527.69295049069
686.5 97774.93216680734
687.0 98025.07084768961
687.5 98277.870108811
688.0 98533.09106584504
688.5 98790.49483446522
689.0 99049.84253034506
689.5 99310.89526915808
690.0 99573.41416657779
690.5 99837.16033827768
691.0 100101.8948999313
691.5 100367.37896721213
692.0 100633.37365579371
692.5 100899.64008134951
693.0 101165.9393595531
693.5 101432.03260607793
694.0 101697.68093659758
694.5 101962.6454667855
695.0 102226.68731231525
695.5 102489.56758886029
696.0 102751.04741209418
696.5 103010.88789769041
697.0 103268.85016132252
697.5 103524.69531866399
698.0 103778.18448538834
698.5 104029.07877716907
699.0 104277.13930967973
699.5 104522.1272286278
700.0 104763.8637254324
700.5 105002.35580341223
701.0 105237.64629812217
701.5 105469.7780451171
702.0 105698.79387995187
702.5 105924.73663818138
703.0 106147.64915536046
703.5 106367.57426704398
704.0 106584.55480878681
704.5 106798.63361614382
705.0 107009.85352466989
705.5 107218.25736991987
706.0 107423.88798744862
706.5 107626.788212811
707.0 107827.00088156192
707.5 108024.56882925621
708.0 108219.53489144874
708.5 108411.94190369437
709.0 108601.832701548
709.5 108789.25012056447
710.0 108974.23699629864
710.5 109156.8361643054
711.0 109337.09046013959
711.5 109515.0427193561
712.0 109690.73577750979
712.5 109864.2124701555
713.0 110035.51563284814
713.5 110204.68810114257
714.0 110371.7727105936
714.5 110536.81229675618
715.0 110699.84969518513
715.5 110860.92774143531
716.0 111020.08927106159
716.5 111177.37711961886
717.0 111332.83412266197
717.5 111486.50311574579
718.0 111638.42693442515
718.5 111788.648414255
719.0 111937.21039079012
719.5 112084.15569958543
720.0 112229.5271761958
720.5 112373.36765617605
721.0 112515.71997508108
721.5 112656.62696846576
722.0 112796.13147188493
722.5 112934.27632089348
723.0 113071.10435104628
723.5 113206.65839789818
724.0 113340.97981284274
724.5 113474.10178912546
725.0 113606.05473165035
725.5 113736.86904290298
726.0 113866.57512536892
726.5 113995.2033815338
727.0 114122.78421388319
727.5 114249.34802490266
728.0 114374.9252170778
728.5 114499.54619289422
729.0 114623.2413548375
729.5 114746.04110539322
730.0 114867.97584704697
730.5 114989.07598228432
731.0 115109.3719135909
731.5 115228.89404345227
732.0 115347.67277435401
732.5 115465.73850878172
733.0 115583.121649221
733.5 115699.85259815739
734.0 115815.96175807653
734.5 115931.47953146399
735.0 116046.43632080537
735.5 116160.86252858622
736.0 116274.78855729215
736.5 116388.24480940876
737.0 116501.26168742163
737.5 116613.86959381634
738.0 116726.09893107848
738.5 116837.98010169363
739.0 116949.54350814738
739.5 117060.81955292534
740.0 117171.83863851307
740.5 117282.63116739616
741.0 117393.22754206022
741.5 117503.65816499083
742.0 117613.95343867356
742.5 117724.14376559401
743.0 117834.25954823777
743.5 117944.33118909042
744.0 118054.38909063755
744.5 118164.46365536476
745.0 118274.5852857576
745.5 118384.78438430172
746.0 118495.09135348264
746.5 118605.53659578598
747.0 118716.15051369734
747.5 118826.9635097023
748.0 118938.00598628641
748.5 119049.30834593531
749.0 119160.90099113456
749.5 119272.81432436977
750.0 119385.07878479427
750.5 119497.74047218481
751.0 119610.88545075779
751.5 119724.60606761894
752.0 119838.99466987392
752.5 119954.14360462845
753.0 120070.14521898821
753.5 120187.09186005886
754.0 120305.07587494612
754.5 120424.1896107557
755.0 120544.52541459321
755.5 120666.17563356443
756.0 120789.23261477504
756.5 120913.78870533066
757.0 121039.93625233704
757.5 121167.76760289985
758.0 121297.37510412479
758.5 121428.85110311756
759.0 121562.28794698381
759.5 121697.77798282926
760.0 121835.41355775959
760.5 121975.28701888051
761.0 122117.49071329767
761.5 122262.11698811682
762.0 122409.2581904436
762.5 122559.0066673837
763.0 122711.45476604282
763.5 122866.69483352668
764.0 123024.81921694094
764.5 123185.9202633913
765.0 123350.09031998343
765.5 123517.42173382302
766.0 123688.00685201581
766.5 123861.93802166743
767.0 124039.30758988363
767.5 124220.20790377003
768.0 124404.73131043235
768.5 124592.97015697631
769.0 124785.01679050757
769.5 124980.96355813184
770.0 125180.90280695476
770.5 125384.92688408209
771.0 125593.12813661946
771.5 125805.5989116726
772.0 126022.43155634718
772.5 126243.71841774891
773.0 126469.55184298346
773.5 126700.02417915652
774.0 126935.22777337379
774.5 127175.25497274094
775.0 127420.1981243637
775.5 127670.14957534772
776.0 127925.20167279872
776.5 128185.44388875559
777.0 128450.84027613897
777.5 128721.18359504195
778.0 128996.25427538197
778.5 129275.83274707645
779.0 129559.69944004276
779.5 129847.63478419834
780.0 130139.41920946055
780.5 130434.83314574683
781.0 130733.65702297457
781.5 131035.67127106118
782.0 131340.65631992408
782.5 131648.39259948063
783.0 131958.66053964826
783.5 132271.2405703444
784.0 132585.9131214864
784.5 132902.45862299175
785.0 133220.65750477777
785.5 133540.29019676187
786.0 133861.1371288615
786.5 134182.97873099407
787.0 134505.595433077
787.5 134828.76766502758
788.0 135152.27585676333
788.5 135475.90043820158
789.0 135799.42183925986
789.5 136122.62048985538
790.0 136445.2768199057
790.5 136767.17125932814
791.0 137088.08423804023
791.5 137407.7961859592
792.0 137726.08753300257
792.5 138042.7387090877
793.0 138357.530144132
793.5 138670.24226805294
794.0 138980.65551076783
794.5 139288.5503021941
795.0 139593.7070722492
795.5 139895.9062508505
796.0 140194.9282679154
796.5 140490.55355336133
797.0 140782.56253710564
797.5 141070.7356490658
798.0 141354.8533191592
798.5 141634.70160171395
799.0 141910.12134872054
799.5 142180.98431217595
800.0 142447.16259148146
800.5 142708.52828603858
801.0 142964.95349524857
801.5 143216.3103185129
802.0 143462.47085523294
802.5 143703.30720480997
803.0 143938.6914666455
803.5 144168.49574014076
804.0 144392.5921246973
804.5 144610.85271971635
805.0 144823.14962459932
805.5 145029.35493874762
806.0 145229.3407615626
806.5 145422.9791924457
807.0 145610.1423307982
807.5 145790.7022760215
808.0 145964.53112751705
808.5 146131.50098468616
809.0 146291.4839469302
809.5 146444.35211365056
810.0 146589.97758424864
810.5 146728.23245812583
811.0 146858.98883468343
811.5 146982.1188133229
812.0 147097.49424654487
812.5 147204.90887239884
813.0 147303.9673721308
813.5 147394.2463880892
814.0 147475.32256262272
814.5 147546.77253807982
815.0 147608.17295680914
815.5 147659.10046115916
816.0 147699.13169347853
816.5 147727.84329611572
817.0 147744.8119114194
817.5 147749.61418173803
818.0 147741.82674942023
818.5 147721.02625681457
819.0 147686.78934626956
819.5 147638.69266013382
820.0 147576.31324140306
820.5 147499.4654956332
821.0 147408.60126423757
821.5 147304.2782871814
822.0 147187.05430442994
822.5 147057.48705594844
823.0 146916.13428170205
823.5 146763.55372165598
824.0 146600.3031157754
824.5 146426.94020402565
825.0 146244.02272637186
825.5 146052.10842277922
826.0 145851.75503321298
826.5 145643.52029763834
827.0 145427.96195602056
827.5 145205.63774832478
828.0 144977.10469838014
828.5 144742.48688659005
829.0 144500.74229845434
829.5 144250.63458115055
830.0 143990.92738185613
830.5 143720.3843477485
831.0 143437.76912600518
831.5 143141.84536380356
832.0 142831.37670832122
832.5 142505.12680673547
833.0 142161.8593062239
833.5 141800.33785396392
834.0 141419.32609713302
834.5 141017.58768290863
835.0 140593.8862584682
835.5 140146.98547098928
836.0 139675.64896764926
836.5 139178.64039562564
837.0 138654.72340209584
837.5 138102.66163423733
838.0 137521.21873922765
838.5 136909.299135248
839.0 136267.8204622317
839.5 135599.20385086542
840.0 134905.9065249982
840.5 134190.38570847915
841.0 133455.09862515732
841.5 132702.50249888175
842.0 131935.0545535015
842.5 131155.21201286564
843.0 130365.43210082321
843.5 129568.17204122328
844.0 128765.88905791489
844.5 127961.04037474713
845.0 127156.08321556903
845.5 126353.47480422964
846.0 125555.67236457804
846.5 124765.13312046327
847.0 123984.31429573442
847.5 123215.67311424052
848.0 122461.66679983061
848.5 121724.74473765898
849.0 121005.10054808218
849.5 120297.5662158588
850.0 119596.19441774045
850.5 118895.03783047872
851.0 118188.1491308252
851.5 117469.58099553152
852.0 116733.38610134924
852.5 115973.61712502998
853.0 115184.32674332533
853.5 114359.5676329869
854.0 113493.39247076628
854.5 112579.85393341506
855.0 111613.00469768484
855.5 110586.89744032724
856.0 109495.58483809384
856.5 108333.11956773623
857.0 107093.55430600603
857.5 105770.94172965483
858.0 104359.33451543424
858.5 102852.78534009583
859.0 101245.34688039121
859.5 99531.071813072
860.0 97704.55343716464
860.5 95770.6806834131
861.0 93743.57384762586
861.5 91637.68019983811
862.0 89467.44701008504
862.5 87247.32154840187
863.0 84991.75108482374
863.5 82715.18288938588
864.0 80432.06423212343
864.5 78156.8423830716
865.0 75903.96461226561
865.5 73687.87818974057
866.0 71523.03038553175
866.5 69423.86846967427
867.0 67404.83971220335
867.5 65480.39138315416
868.0 63662.72285257631
868.5 61951.65049756648
869.0 60342.74962107873
869.5 58831.59178008352
870.0 57413.74853155132
870.5 56084.79143245258
871.0 54840.292039757755
871.5 53675.82191043734
872.0 52586.95260146176
872.5 51569.25566980149
873.0 50618.30267242701
873.5 49729.66516630876
874.0 48898.9147084172
874.5 48121.62285572282
875.0 47393.36116519604
875.5 46709.701193807356
876.0 46066.21449852722
876.5 45458.472636326085
877.0 44882.047164174415
877.5 44332.50963904269
878.0 43805.43161790135
878.5 43296.384657720875
879.0 42800.940315471715
879.5 42314.67014812433
880.0 41833.14571264919
880.5 41351.938566016746
881.0 40866.62026519748
881.5 40372.762367161835
882.0 39865.93642888028
882.5 39341.781336365384
883.0 38798.301590366245
883.5 38236.43648987291
884.0 37657.30816097009
884.5 37062.038729742504
885.0 36451.75032227486
885.5 35827.565064651855
886.0 35190.60508295823
886.5 34541.99250327868
887.0 33882.8494516979
887.5 33214.29805430063
888.0 32537.46043717156
888.5 31853.458726395405
889.0 31163.415048056886
889.5 30468.451528240705
890.0 29769.690293031574
890.5 29068.253468514205
891.0 28365.26318077331
891.5 27661.841555893596
892.0 26959.110719959775
892.5 26258.192799056564
893.0 25560.209919268666
893.5 24866.284206680797
894.0 24177.537787377667
894.5 23495.092787443988
895.0 22820.07133296446
895.5 22153.59555002382
896.0 21496.78756470675
896.5 20850.769503097974
897.0 20216.663491282205
897.5 19595.59165534415
898.0 18988.67612136852
898.5 18397.03901544003
899.0 17821.802463643387
899.5 17264.080192769026
900.0 16724.428650681122
900.5 16202.508362644827
901.0 15697.898902459934
901.5 15210.17984392624
902.0 14738.930760843532
902.5 14283.731227011607
903.0 13844.160816230255
903.5 13419.79910229927
904.0 13010.225659018444
904.5 12615.020060187571
905.0 12233.76187960644
905.5 11866.03069107485
906.0 11511.406068392584
906.5 11169.467585359445
907.0 10839.79481577522
907.5 10521.967333439701
908.0 10215.564712152685
908.5 9920.166525713961
909.0 9635.35234792332
909.5 9360.701752580562
910.0 9095.794313485472
910.5 8840.209604437843
911.0 8593.527199237475
911.5 8355.326671684152
912.0 8125.187595577674
912.5 7902.6895447178285
913.0 7687.4120929044075
913.5 7478.934813937209
914.0 7276.837281616017
914.5 7080.699069740633
915.0 6890.099752110849
915.5 6704.61890252645
916.0 6523.836094787238
916.5 6347.3309026929965
917.0 6174.682900043527
917.5 6005.471660638613
918.0 5839.2767582780525
918.5 5675.6777667616425
919.0 5514.265225531917
919.5 5354.855605192776
920.0 5197.477606220722
920.5 5042.168151114794
921.0 4888.96416237403
921.5 4737.902562497468
922.0 4589.02027398415
922.5 4442.354219333111
923.0 4297.941321043392
923.5 4155.8185016140305
924.0 4016.022683544066
924.5 3878.590789332536
925.0 3743.5597414784806
925.5 3610.966462480937
926.0 3480.8478748389452
926.5 3353.240901051544
927.0 3228.1824636177707
927.5 3105.7094850366652
928.0 2985.8588878072655
928.5 2868.6675944286108
929.0 2754.172527399739
929.5 2642.41060921969
930.0 2533.4187623875014
930.5 2427.2339094022122
931.0 2323.8929727628615
931.5 2223.432874968488
932.0 2125.8905385181292
932.5 2031.302885910825
933.0 1939.7068396456134
933.5 1851.1393222215338
934.0 1765.6372561376243
934.5 1683.2375638929236
935.0 1603.9771679864707
935.5 1527.8929909173041
936.0 1455.0217617195356
936.5 1385.368026803877
937.0 1318.868446108234
937.5 1255.4510720438695
938.0 1195.0439570220449
938.5 1137.5751534540223
939.0 1082.972713751064
939.5 1031.1646903244311
940.0 982.0791355853864
940.5 935.6441019451917
941.0 891.7876418151088
941.5 850.4378076063996
942.0 811.5226517303263
942.5 774.9702265981507
943.0 740.7085846211347
943.5 708.6657782105406
944.0 678.7698597776299
944.5 650.948881733665
945.0 625.1308964899075
945.5 601.2439564576198
946.0 579.2161140480633
946.5 558.9754216725004
947.0 540.449931742193
947.5 523.5676966684031
948.0 508.2567688623926
948.5 494.44520073542327
949.0 482.0610446987573
949.5 471.0323531636566
950.0 461.2871785413829
950.5 452.75357324319884
951.0 445.3595896803658
951.5 439.03328026414556
952.0 433.70269740580056
952.5 429.29589351659297
953.0 425.7409210077843
953.5 422.9658322906363
954.0 420.89867977641154
954.5 419.467515876372
955.0 418.60039300177857
955.5 418.2253635638949
956.0 418.27047997398154
956.5 418.66379464330134
957.0 419.3333599831153
957.5 420.2072284046867
958.0 421.21345231927626
958.5 422.28008413814655
959.0 423.336141699732
959.5 424.3421903704376
960.0 425.2966167336046
960.5 426.200040491127
961.0 427.05308134489894
961.5 427.8563589968144
962.0 428.6104931487674
962.5 429.31610350265197
963.0 429.9738097603623
963.5 430.5842316237922
964.0 431.1479887948359
964.5 431.6657009753874
965.0 432.1379878673407
965.5 432.56546917258987
966.0 432.94876459302895
966.5 433.288493830552
967.0 433.585276587053
967.5 433.83973256442613
968.0 434.05248146456523
968.5 434.2241429893645
969.0 434.355336840718
969.5 434.4466827205197
970.0 434.4988003306635
970.5 434.51230937304376
971.0 434.4878295495543
971.5 434.4259805620893
972.0 434.32738211254264
972.5 434.1926539028085
973.0 434.0224156347808
973.5 433.81728701035377
974.0 433.57788773142136
974.5 433.3048374998775
975.0 432.99875601761636
975.5 432.6602629865319
976.0 432.2899781085183
976.5 431.88852108546945
977.0 431.4565116192795
977.5 430.9945694118424
978.0 430.5033141650523
978.5 429.9833655808032
979.0 429.43534336098907
979.5 428.85986720750407
980.0 428.2575568222422
980.5 427.62903190709744
981.0 426.97491216396395
981.5 426.2958172947356
982.0 425.5923670013066
982.5 424.865180985571
983.0 424.1148789494227
983.5 423.3420805947558
984.0 422.5474056234644
984.5 421.7314737374426
985.0 420.89490463858425
985.5 420.03831802878346
986.0 419.16233360993436
986.5 418.26757108393093
987.0 417.35465015266726
987.5 416.4241905180373
988.0 415.4768118819352
988.5 414.5131339462549
989.0 413.5337764128906
989.5 412.5393589837361
990.0 411.5305013606856
990.5 410.50782324563323
991.0 409.4719443404728
991.5 408.4234843470986
992.0 407.36306296740446
992.5 406.29129990328454
993.0 405.20881485663296
993.5 404.1162275293436
994.0 403.01415762331055
994.5 401.90322484042787
995.0 400.78404888258956
995.5 399.6572494516897
996.0 398.52344624962245
996.5 397.3832589782817
997.0 396.2373073395615
997.5 395.086211035356
998.0 393.9305897675591
998.5 392.77106323806487
999.0 391.60825114876747
999.5 390.4427732015609
1000.0 389.27524909833915
1000.5 388.10629854099625
1001.0 386.93654123142636
1001.5 385.76659687152335
1002.0 384.5970851631815
